1759284500552 0.0 0
1759284500605 0.0 0
1759284500613 113.0 0
1759284500621 113.0 0
1759284500629 113.0 0
1759284500636 113.0 0
1759284500644 109.0 0
1759284500653 103.0 0
1759284500661 67.0 0
1759284500670 53.0 0
1759284500678 51.0 0
1759284500686 50.0 0
1759284500694 49.0 0
1759284500701 47.0 0
1759284500709 44.0 0
1759284500717 39.0 0
1759284500725 39.0 0
1759284500732 38.0 0
1759284500740 37.0 0
1759284500748 33.0 0
1759284500756 26.0 0
1759284500764 24.0 0
1759284500772 17.0 0
1759284500780 16.0 0
1759284500788 15.0 0
1759284500795 15.0 0
1759284500803 14.0 0
1759284500811 13.0 0
1759284500819 12.0 0
1759284500826 10.0 0
1759284500834 9.0 0
1759284500842 7.0 0
1759284500850 6.0 0
1759284500858 3.0 0
1759284500866 3.0 0
1759284500874 1.0 0
1759284500882 1.0 0
1759284500890 1.0 0
1759284500899 0.0 0
1759284500907 0.0 0
1759284500915 0.0 0
1759284500923 0.0 0
1759284500931 0.0 0
1759284500939 0.0 0
1759284500947 0.0 0
1759284500955 0.0 0
1759284500963 0.0 0
1759284500971 0.0 0
1759284500979 0.0 0
1759284500987 0.0 0
1759284500995 0.0 0
1759284501003 0.0 0
1759284501012 0.0 0
1759284501020 0.0 0
1759284501028 0.0 0
1759284501036 0.0 0
1759284501044 0.0 0
1759284501053 0.0 0
1759284501062 0.0 0
1759284501070 0.0 0
1759284501078 0.0 0
1759284501086 0.0 0
1759284501094 0.0 0
1759284501102 0.0 0
1759284501110 0.0 0
1759284501118 0.0 0
1759284501127 0.0 0
1759284501135 0.0 0
1759284501143 0.0 0
1759284501151 0.0 0
1759284501160 0.0 0
1759284501168 0.0 0
1759284501176 0.0 0
1759284501184 0.0 0
1759284501194 0.0 0
1759284501202 0.0 0
1759284501210 0.0 0
1759284501219 0.0 0
1759284501227 0.0 0
1759284501235 0.0 0
1759284501244 0.0 0
1759284501252 0.0 0
1759284501496 0.0 0
1759284501504 0.0 0
