1759284500552 54.0 0
1759284500605 54.0 0
1759284500613 0.0 0
1759284500621 0.0 0
1759284500629 0.0 0
1759284500636 0.0 0
1759284500644 1.0 0
1759284500653 1.0 0
1759284500661 6.0 0
1759284500670 7.0 0
1759284500678 8.0 0
1759284500686 8.0 0
1759284500694 9.0 0
1759284500701 10.0 0
1759284500709 12.0 0
1759284500717 13.0 0
1759284500725 13.0 0
1759284500732 14.0 0
1759284500740 17.0 0
1759284500748 19.0 0
1759284500756 20.0 0
1759284500764 21.0 0
1759284500772 26.0 0
1759284500780 26.0 0
1759284500788 26.0 0
1759284500795 26.0 0
1759284500803 27.0 0
1759284500811 28.0 0
1759284500819 30.0 0
1759284500826 31.0 0
1759284500834 33.0 0
1759284500842 33.0 0
1759284500850 35.0 0
1759284500858 36.0 0
1759284500866 36.0 0
1759284500874 37.0 0
1759284500882 39.0 0
1759284500890 41.0 0
1759284500899 46.0 0
1759284500907 50.0 0
1759284500915 51.0 0
1759284500923 52.0 0
1759284500931 54.0 0
1759284500939 56.0 0
1759284500947 57.0 0
1759284500955 58.0 0
1759284500963 58.0 0
1759284500971 58.0 0
1759284500979 60.0 0
1759284500987 61.0 0
1759284500995 64.0 0
1759284501003 64.0 0
1759284501012 64.0 0
1759284501020 64.0 0
1759284501028 65.0 0
1759284501036 65.0 0
1759284501044 65.0 0
1759284501053 65.0 0
1759284501062 65.0 0
1759284501070 65.0 0
1759284501078 65.0 0
1759284501086 65.0 0
1759284501094 65.0 0
1759284501102 65.0 0
1759284501110 65.0 0
1759284501118 65.0 0
1759284501127 66.0 0
1759284501135 66.0 0
1759284501143 66.0 0
1759284501151 66.0 0
1759284501160 66.0 0
1759284501168 66.0 0
1759284501176 66.0 0
1759284501184 66.0 0
1759284501194 66.0 0
1759284501202 66.0 0
1759284501210 66.0 0
1759284501219 66.0 0
1759284501227 66.0 0
1759284501235 66.0 0
1759284501244 66.0 0
1759284501252 66.0 0
1759284501496 54.0 0
1759284501504 54.0 0
