1759284500605 -1110.0 0
1759284500613 190.0 0
1759284500621 190.0 0
1759284500629 190.0 0
1759284500636 190.0 0
1759284500644 185.0 0
1759284500653 245.0 0
1759284500661 380.0 0
1759284500670 475.0 0
1759284500678 450.0 0
1759284500686 460.0 0
1759284500694 425.0 0
1759284500701 400.0 0
1759284500709 340.0 0
1759284500717 345.0 0
1759284500725 345.0 0
1759284500732 310.0 0
1759284500740 185.0 0
1759284500748 135.0 0
1759284500756 160.0 0
1759284500764 135.0 0
1759284500772 -20.0 0
1759284500780 -10.0 0
1759284500788 0.0 0
1759284500795 0.0 0
1759284500803 -35.0 0
1759284500811 -70.0 0
1759284500819 -150.0 0
1759284500826 -175.0 0
1759284500834 -255.0 0
1759284500842 -235.0 0
1759284500850 -315.0 0
1759284500858 -330.0 0
1759284500866 -330.0 0
1759284500874 -355.0 0
1759284500882 -445.0 0
1759284500890 -535.0 0
1759284500899 -750.0 0
1759284500907 -930.0 0
1759284500915 -975.0 0
1759284500923 -1020.0 0
1759284500931 -1110.0 0
1759284500939 -1200.0 0
1759284500947 -1245.0 0
1759284500955 -1290.0 0
1759284500963 -1290.0 0
1759284500971 -1290.0 0
1759284500979 -1380.0 0
1759284500987 -1425.0 0
1759284500995 -1560.0 0
1759284501003 -1560.0 0
1759284501012 -1560.0 0
1759284501020 -1560.0 0
1759284501028 -1605.0 0
1759284501036 -1605.0 0
1759284501044 -1605.0 0
1759284501053 -1605.0 0
1759284501062 -1605.0 0
1759284501070 -1605.0 0
1759284501078 -1605.0 0
1759284501086 -1605.0 0
1759284501094 -1605.0 0
1759284501102 -1605.0 0
1759284501110 -1605.0 0
1759284501118 -1605.0 0
1759284501127 -1650.0 0
1759284501135 -1650.0 0
1759284501143 -1650.0 0
1759284501151 -1650.0 0
1759284501160 -1650.0 0
1759284501168 -1650.0 0
1759284501176 -1650.0 0
1759284501184 -1650.0 0
1759284501194 -1650.0 0
1759284501202 -1650.0 0
1759284501210 -1650.0 0
1759284501219 -1650.0 0
1759284501227 -1650.0 0
1759284501235 -1650.0 0
1759284501244 -1650.0 0
1759284501252 -1650.0 0
1759284501504 -1110.0 0
