1759284500552 113.0 0
1759284500605 113.0 0
1759284500613 0.0 0
1759284500621 0.0 0
1759284500629 0.0 0
1759284500636 0.0 0
1759284500644 4.0 0
1759284500653 10.0 0
1759284500661 46.0 0
1759284500670 60.0 0
1759284500678 62.0 0
1759284500686 63.0 0
1759284500694 64.0 0
1759284500701 66.0 0
1759284500709 69.0 0
1759284500717 74.0 0
1759284500725 74.0 0
1759284500732 75.0 0
1759284500740 76.0 0
1759284500748 80.0 0
1759284500756 87.0 0
1759284500764 89.0 0
1759284500772 96.0 0
1759284500780 97.0 0
1759284500788 98.0 0
1759284500795 98.0 0
1759284500803 99.0 0
1759284500811 100.0 0
1759284500819 101.0 0
1759284500826 103.0 0
1759284500834 104.0 0
1759284500842 106.0 0
1759284500850 107.0 0
1759284500858 110.0 0
1759284500866 110.0 0
1759284500874 112.0 0
1759284500882 112.0 0
1759284500890 112.0 0
1759284500899 113.0 0
1759284500907 113.0 0
1759284500915 113.0 0
1759284500923 113.0 0
1759284500931 113.0 0
1759284500939 113.0 0
1759284500947 113.0 0
1759284500955 113.0 0
1759284500963 113.0 0
1759284500971 113.0 0
1759284500979 113.0 0
1759284500987 113.0 0
1759284500995 113.0 0
1759284501003 113.0 0
1759284501012 113.0 0
1759284501020 113.0 0
1759284501028 113.0 0
1759284501036 113.0 0
1759284501044 113.0 0
1759284501053 113.0 0
1759284501062 113.0 0
1759284501070 113.0 0
1759284501078 113.0 0
1759284501086 113.0 0
1759284501094 113.0 0
1759284501102 113.0 0
1759284501110 113.0 0
1759284501118 113.0 0
1759284501127 113.0 0
1759284501135 113.0 0
1759284501143 113.0 0
1759284501151 113.0 0
1759284501160 113.0 0
1759284501168 113.0 0
1759284501176 113.0 0
1759284501184 113.0 0
1759284501194 113.0 0
1759284501202 113.0 0
1759284501210 113.0 0
1759284501219 113.0 0
1759284501227 113.0 0
1759284501235 113.0 0
1759284501244 113.0 0
1759284501252 113.0 0
1759284501496 113.0 0
1759284501504 113.0 0
