1759284500552 12.0 0
1759284500605 12.0 0
1759284500613 66.0 0
1759284500621 66.0 0
1759284500629 66.0 0
1759284500636 66.0 0
1759284500644 65.0 0
1759284500653 65.0 0
1759284500661 60.0 0
1759284500670 59.0 0
1759284500678 58.0 0
1759284500686 58.0 0
1759284500694 57.0 0
1759284500701 56.0 0
1759284500709 54.0 0
1759284500717 53.0 0
1759284500725 53.0 0
1759284500732 52.0 0
1759284500740 49.0 0
1759284500748 47.0 0
1759284500756 46.0 0
1759284500764 45.0 0
1759284500772 40.0 0
1759284500780 40.0 0
1759284500788 40.0 0
1759284500795 40.0 0
1759284500803 39.0 0
1759284500811 38.0 0
1759284500819 36.0 0
1759284500826 35.0 0
1759284500834 33.0 0
1759284500842 33.0 0
1759284500850 31.0 0
1759284500858 30.0 0
1759284500866 30.0 0
1759284500874 29.0 0
1759284500882 27.0 0
1759284500890 25.0 0
1759284500899 20.0 0
1759284500907 16.0 0
1759284500915 15.0 0
1759284500923 14.0 0
1759284500931 12.0 0
1759284500939 10.0 0
1759284500947 9.0 0
1759284500955 8.0 0
1759284500963 8.0 0
1759284500971 8.0 0
1759284500979 6.0 0
1759284500987 5.0 0
1759284500995 2.0 0
1759284501003 2.0 0
1759284501012 2.0 0
1759284501020 2.0 0
1759284501028 1.0 0
1759284501036 1.0 0
1759284501044 1.0 0
1759284501053 1.0 0
1759284501062 1.0 0
1759284501070 1.0 0
1759284501078 1.0 0
1759284501086 1.0 0
1759284501094 1.0 0
1759284501102 1.0 0
1759284501110 1.0 0
1759284501118 1.0 0
1759284501127 0.0 0
1759284501135 0.0 0
1759284501143 0.0 0
1759284501151 0.0 0
1759284501160 0.0 0
1759284501168 0.0 0
1759284501176 0.0 0
1759284501184 0.0 0
1759284501194 0.0 0
1759284501202 0.0 0
1759284501210 0.0 0
1759284501219 0.0 0
1759284501227 0.0 0
1759284501235 0.0 0
1759284501244 0.0 0
1759284501252 0.0 0
1759284501496 12.0 0
1759284501504 12.0 0
