1759284500605 -6.201117318435754 0
1759284500613 1.0614525139664805 0
1759284500621 1.0614525139664805 0
1759284500629 1.0614525139664805 0
1759284500636 1.0614525139664805 0
1759284500644 1.0335195530726258 0
1759284500653 1.3687150837988826 0
1759284500661 2.122905027932961 0
1759284500670 2.653631284916201 0
1759284500678 2.5139664804469275 0
1759284500686 2.569832402234637 0
1759284500694 2.374301675977654 0
1759284500701 2.2346368715083798 0
1759284500709 1.899441340782123 0
1759284500717 1.9273743016759777 0
1759284500725 1.9273743016759777 0
1759284500732 1.7318435754189945 0
1759284500740 1.0335195530726258 0
1759284500748 0.7541899441340782 0
1759284500756 0.8938547486033519 0
1759284500764 0.7541899441340782 0
1759284500772 -0.11173184357541899 0
1759284500780 -0.055865921787709494 0
1759284500788 0.0 0
1759284500795 0.0 0
1759284500803 -0.19553072625698323 0
1759284500811 -0.39106145251396646 0
1759284500819 -0.8379888268156425 0
1759284500826 -0.9776536312849162 0
1759284500834 -1.4245810055865922 0
1759284500842 -1.312849162011173 0
1759284500850 -1.7597765363128492 0
1759284500858 -1.8435754189944134 0
1759284500866 -1.8435754189944134 0
1759284500874 -1.9832402234636872 0
1759284500882 -2.4860335195530725 0
1759284500890 -2.988826815642458 0
1759284500899 -4.189944134078212 0
1759284500907 -5.195530726256983 0
1759284500915 -5.446927374301676 0
1759284500923 -5.698324022346369 0
1759284500931 -6.201117318435754 0
1759284500939 -6.70391061452514 0
1759284500947 -6.955307262569832 0
1759284500955 -7.206703910614525 0
1759284500963 -7.206703910614525 0
1759284500971 -7.206703910614525 0
1759284500979 -7.709497206703911 0
1759284500987 -7.960893854748603 0
1759284500995 -8.71508379888268 0
1759284501003 -8.71508379888268 0
1759284501012 -8.71508379888268 0
1759284501020 -8.71508379888268 0
1759284501028 -8.966480446927374 0
1759284501036 -8.966480446927374 0
1759284501044 -8.966480446927374 0
1759284501053 -8.966480446927374 0
1759284501062 -8.966480446927374 0
1759284501070 -8.966480446927374 0
1759284501078 -8.966480446927374 0
1759284501086 -8.966480446927374 0
1759284501094 -8.966480446927374 0
1759284501102 -8.966480446927374 0
1759284501110 -8.966480446927374 0
1759284501118 -8.966480446927374 0
1759284501127 -9.217877094972067 0
1759284501135 -9.217877094972067 0
1759284501143 -9.217877094972067 0
1759284501151 -9.217877094972067 0
1759284501160 -9.217877094972067 0
1759284501168 -9.217877094972067 0
1759284501176 -9.217877094972067 0
1759284501184 -9.217877094972067 0
1759284501194 -9.217877094972067 0
1759284501202 -9.217877094972067 0
1759284501210 -9.217877094972067 0
1759284501219 -9.217877094972067 0
1759284501227 -9.217877094972067 0
1759284501235 -9.217877094972067 0
1759284501244 -9.217877094972067 0
1759284501252 -9.217877094972067 0
1759284501504 -6.201117318435754 0
