1759269517692 -680.0 0
1759269517699 190.0 0
1759269517708 190.0 0
1759269517715 190.0 0
1759269517722 190.0 0
1759269517730 190.0 0
1759269517737 190.0 0
1759269517746 190.0 0
1759269517753 220.0 0
1759269517761 240.0 0
1759269517769 380.0 0
1759269517776 415.0 0
1759269517783 290.0 0
1759269517791 275.0 0
1759269517798 235.0 0
1759269517805 305.0 0
1759269517812 225.0 0
1759269517819 295.0 0
1759269517826 220.0 0
1759269517833 280.0 0
1759269517841 245.0 0
1759269517849 255.0 0
1759269517856 255.0 0
1759269517863 255.0 0
1759269517872 230.0 0
1759269517879 5.0 0
1759269517886 -20.0 0
1759269517894 -15.0 0
1759269517901 -15.0 0
1759269517908 -15.0 0
1759269517915 -5.0 0
1759269517922 -30.0 0
1759269517929 -65.0 0
1759269517936 -110.0 0
1759269517943 -110.0 0
1759269517950 -110.0 0
1759269517958 -145.0 0
1759269517966 -225.0 0
1759269517973 -340.0 0
1759269517980 -385.0 0
1759269517987 -555.0 0
1759269517994 -680.0 0
1759269518002 -940.0 0
1759269518009 -1165.0 0
1759269518017 -1300.0 0
1759269518024 -1390.0 0
1759269518031 -1380.0 0
1759269518038 -1425.0 0
1759269518045 -1470.0 0
1759269518053 -1470.0 0
1759269518060 -1515.0 0
1759269518066 -1515.0 0
1759269518074 -1515.0 0
1759269518082 -1560.0 0
1759269518089 -1560.0 0
1759269518097 -1605.0 0
1759269518104 -1650.0 0
1759269518111 -1650.0 0
1759269518118 -1650.0 0
1759269518126 -1650.0 0
1759269518133 -1650.0 0
1759269518140 -1650.0 0
1759269518148 -1650.0 0
1759269518155 -1650.0 0
1759269518162 -1650.0 0
1759269518169 -1650.0 0
1759269518176 -1650.0 0
1759269518183 -1650.0 0
1759269518190 -1650.0 0
1759269518197 -1650.0 0
1759269518204 -1650.0 0
1759269518212 -1650.0 0
1759269518219 -1650.0 0
1759269518227 -1650.0 0
1759269518234 -1650.0 0
1759269518242 -1650.0 0
1759269518249 -1650.0 0
1759269518257 -1650.0 0
1759269518265 -1650.0 0
1759269518272 -1650.0 0
1759269518279 -1650.0 0
1759269518552 -680.0 0
