1759540923689 55.0 0
1759540923742 55.0 0
1759540923751 0.0 0
1759540923759 0.0 0
1759540923767 0.0 0
1759540923775 0.0 0
1759540923783 0.0 0
1759540923792 0.0 0
1759540923800 0.0 0
1759540923808 0.0 0
1759540923815 4.0 0
1759540923823 6.0 0
1759540923831 7.0 0
1759540923840 10.0 0
1759540923849 12.0 0
1759540923857 14.0 0
1759540923864 16.0 0
1759540923872 19.0 0
1759540923880 19.0 0
1759540923888 21.0 0
1759540923896 21.0 0
1759540923904 22.0 0
1759540923912 22.0 0
1759540923920 24.0 0
1759540923928 32.0 0
1759540923936 34.0 0
1759540923944 36.0 0
1759540923952 36.0 0
1759540923960 37.0 0
1759540923968 37.0 0
1759540923975 39.0 0
1759540923983 42.0 0
1759540923991 42.0 0
1759540924000 43.0 0
1759540924008 43.0 0
1759540924016 45.0 0
1759540924024 45.0 0
1759540924032 47.0 0
1759540924040 49.0 0
1759540924049 51.0 0
1759540924057 53.0 0
1759540924065 55.0 0
1759540924073 55.0 0
1759540924081 58.0 0
1759540924089 59.0 0
1759540924097 62.0 0
1759540924105 62.0 0
1759540924113 62.0 0
1759540924122 62.0 0
1759540924130 63.0 0
1759540924139 64.0 0
1759540924147 64.0 0
1759540924155 64.0 0
1759540924163 64.0 0
1759540924171 64.0 0
1759540924179 64.0 0
1759540924187 65.0 0
1759540924195 65.0 0
1759540924204 65.0 0
1759540924212 65.0 0
1759540924220 65.0 0
1759540924229 65.0 0
1759540924237 65.0 0
1759540924246 65.0 0
1759540924255 65.0 0
1759540924263 65.0 0
1759540924271 65.0 0
1759540924279 65.0 0
1759540924287 65.0 0
1759540924296 65.0 0
1759540924304 65.0 0
1759540924312 65.0 0
1759540924321 65.0 0
1759540924329 65.0 0
1759540924338 66.0 0
1759540924347 66.0 0
1759540924355 66.0 0
1759540924364 66.0 0
1759540924372 66.0 0
1759540924380 66.0 0
1759540924388 66.0 0
1759540924397 66.0 0
1759540924708 55.0 0
1759540924715 55.0 0
