1759540923689 0.0 0
1759540923742 0.0 0
1759540923751 113.0 0
1759540923759 113.0 0
1759540923767 113.0 0
1759540923775 112.0 0
1759540923783 110.0 0
1759540923792 106.0 0
1759540923800 105.0 0
1759540923808 103.0 0
1759540923815 85.0 0
1759540923823 70.0 0
1759540923831 58.0 0
1759540923840 54.0 0
1759540923849 53.0 0
1759540923857 50.0 0
1759540923864 43.0 0
1759540923872 38.0 0
1759540923880 35.0 0
1759540923888 30.0 0
1759540923896 29.0 0
1759540923904 23.0 0
1759540923912 19.0 0
1759540923920 16.0 0
1759540923928 16.0 0
1759540923936 13.0 0
1759540923944 11.0 0
1759540923952 11.0 0
1759540923960 10.0 0
1759540923968 9.0 0
1759540923975 9.0 0
1759540923983 7.0 0
1759540923991 7.0 0
1759540924000 7.0 0
1759540924008 6.0 0
1759540924016 2.0 0
1759540924024 2.0 0
1759540924032 1.0 0
1759540924040 1.0 0
1759540924049 1.0 0
1759540924057 1.0 0
1759540924065 1.0 0
1759540924073 0.0 0
1759540924081 0.0 0
1759540924089 0.0 0
1759540924097 0.0 0
1759540924105 0.0 0
1759540924113 0.0 0
1759540924122 0.0 0
1759540924130 0.0 0
1759540924139 0.0 0
1759540924147 0.0 0
1759540924155 0.0 0
1759540924163 0.0 0
1759540924171 0.0 0
1759540924179 0.0 0
1759540924187 0.0 0
1759540924195 0.0 0
1759540924204 0.0 0
1759540924212 0.0 0
1759540924220 0.0 0
1759540924229 0.0 0
1759540924237 0.0 0
1759540924246 0.0 0
1759540924255 0.0 0
1759540924263 0.0 0
1759540924271 0.0 0
1759540924279 0.0 0
1759540924287 0.0 0
1759540924296 0.0 0
1759540924304 0.0 0
1759540924312 0.0 0
1759540924321 0.0 0
1759540924329 0.0 0
1759540924338 0.0 0
1759540924347 0.0 0
1759540924355 0.0 0
1759540924364 0.0 0
1759540924372 0.0 0
1759540924380 0.0 0
1759540924388 0.0 0
1759540924397 0.0 0
1759540924708 0.0 0
1759540924715 0.0 0
