1759540923742 -1155.0 0
1759540923751 190.0 0
1759540923759 190.0 0
1759540923767 190.0 0
1759540923775 200.0 0
1759540923783 220.0 0
1759540923792 260.0 0
1759540923800 270.0 0
1759540923808 290.0 0
1759540923815 290.0 0
1759540923823 350.0 0
1759540923831 425.0 0
1759540923840 330.0 0
1759540923849 250.0 0
1759540923857 190.0 0
1759540923864 170.0 0
1759540923872 85.0 0
1759540923880 115.0 0
1759540923888 75.0 0
1759540923896 85.0 0
1759540923904 100.0 0
1759540923912 140.0 0
1759540923920 80.0 0
1759540923928 -280.0 0
1759540923936 -340.0 0
1759540923944 -410.0 0
1759540923952 -410.0 0
1759540923960 -445.0 0
1759540923968 -435.0 0
1759540923975 -525.0 0
1759540923983 -640.0 0
1759540923991 -640.0 0
1759540924000 -685.0 0
1759540924008 -675.0 0
1759540924016 -725.0 0
1759540924024 -725.0 0
1759540924032 -805.0 0
1759540924040 -895.0 0
1759540924049 -985.0 0
1759540924057 -1075.0 0
1759540924065 -1165.0 0
1759540924073 -1155.0 0
1759540924081 -1290.0 0
1759540924089 -1335.0 0
1759540924097 -1470.0 0
1759540924105 -1470.0 0
1759540924113 -1470.0 0
1759540924122 -1470.0 0
1759540924130 -1515.0 0
1759540924139 -1560.0 0
1759540924147 -1560.0 0
1759540924155 -1560.0 0
1759540924163 -1560.0 0
1759540924171 -1560.0 0
1759540924179 -1560.0 0
1759540924187 -1605.0 0
1759540924195 -1605.0 0
1759540924204 -1605.0 0
1759540924212 -1605.0 0
1759540924220 -1605.0 0
1759540924229 -1605.0 0
1759540924237 -1605.0 0
1759540924246 -1605.0 0
1759540924255 -1605.0 0
1759540924263 -1605.0 0
1759540924271 -1605.0 0
1759540924279 -1605.0 0
1759540924287 -1605.0 0
1759540924296 -1605.0 0
1759540924304 -1605.0 0
1759540924312 -1605.0 0
1759540924321 -1605.0 0
1759540924329 -1605.0 0
1759540924338 -1650.0 0
1759540924347 -1650.0 0
1759540924355 -1650.0 0
1759540924364 -1650.0 0
1759540924372 -1650.0 0
1759540924380 -1650.0 0
1759540924388 -1650.0 0
1759540924397 -1650.0 0
1759540924715 -1155.0 0
