1759540923208 0.6986367702484131 0
1759540923236 0.6388697519021875 1
1759540923263 0.5817287844770095 2
1759540923290 0.5275499137008891 3
1759540923316 0.4909282379290637 4
1759540923345 0.4606360056821038 5
1759540923369 0.4247349781148574 6
1759540923393 0.39463305473327637 7
1759540923417 0.37481895089149475 8
1759540923444 0.34570817035787244 9
1759540923470 0.32558365429148955 10
1759540923494 0.3098499529501971 11
1759540923517 0.2934365219929639 12
1759540923543 0.2785256978343515 13
1759540923569 0.2755437274189556 14
1759540923595 0.26420038149637337 15
1759540923620 0.2500988227479598 16
1759540923646 0.24219682549729066 17
1759540923672 0.22778367382638595 18
