1759540923689 11.0 0
1759540923742 11.0 0
1759540923751 66.0 0
1759540923759 66.0 0
1759540923767 66.0 0
1759540923775 66.0 0
1759540923783 66.0 0
1759540923792 66.0 0
1759540923800 66.0 0
1759540923808 66.0 0
1759540923815 62.0 0
1759540923823 60.0 0
1759540923831 59.0 0
1759540923840 56.0 0
1759540923849 54.0 0
1759540923857 52.0 0
1759540923864 50.0 0
1759540923872 47.0 0
1759540923880 47.0 0
1759540923888 45.0 0
1759540923896 45.0 0
1759540923904 44.0 0
1759540923912 44.0 0
1759540923920 42.0 0
1759540923928 34.0 0
1759540923936 32.0 0
1759540923944 30.0 0
1759540923952 30.0 0
1759540923960 29.0 0
1759540923968 29.0 0
1759540923975 27.0 0
1759540923983 24.0 0
1759540923991 24.0 0
1759540924000 23.0 0
1759540924008 23.0 0
1759540924016 21.0 0
1759540924024 21.0 0
1759540924032 19.0 0
1759540924040 17.0 0
1759540924049 15.0 0
1759540924057 13.0 0
1759540924065 11.0 0
1759540924073 11.0 0
1759540924081 8.0 0
1759540924089 7.0 0
1759540924097 4.0 0
1759540924105 4.0 0
1759540924113 4.0 0
1759540924122 4.0 0
1759540924130 3.0 0
1759540924139 2.0 0
1759540924147 2.0 0
1759540924155 2.0 0
1759540924163 2.0 0
1759540924171 2.0 0
1759540924179 2.0 0
1759540924187 1.0 0
1759540924195 1.0 0
1759540924204 1.0 0
1759540924212 1.0 0
1759540924220 1.0 0
1759540924229 1.0 0
1759540924237 1.0 0
1759540924246 1.0 0
1759540924255 1.0 0
1759540924263 1.0 0
1759540924271 1.0 0
1759540924279 1.0 0
1759540924287 1.0 0
1759540924296 1.0 0
1759540924304 1.0 0
1759540924312 1.0 0
1759540924321 1.0 0
1759540924329 1.0 0
1759540924338 0.0 0
1759540924347 0.0 0
1759540924355 0.0 0
1759540924364 0.0 0
1759540924372 0.0 0
1759540924380 0.0 0
1759540924388 0.0 0
1759540924397 0.0 0
1759540924708 11.0 0
1759540924715 11.0 0
