1759540923689 113.0 0
1759540923742 113.0 0
1759540923751 0.0 0
1759540923759 0.0 0
1759540923767 0.0 0
1759540923775 1.0 0
1759540923783 3.0 0
1759540923792 7.0 0
1759540923800 8.0 0
1759540923808 10.0 0
1759540923815 28.0 0
1759540923823 43.0 0
1759540923831 55.0 0
1759540923840 59.0 0
1759540923849 60.0 0
1759540923857 63.0 0
1759540923864 70.0 0
1759540923872 75.0 0
1759540923880 78.0 0
1759540923888 83.0 0
1759540923896 84.0 0
1759540923904 90.0 0
1759540923912 94.0 0
1759540923920 97.0 0
1759540923928 97.0 0
1759540923936 100.0 0
1759540923944 102.0 0
1759540923952 102.0 0
1759540923960 103.0 0
1759540923968 104.0 0
1759540923975 104.0 0
1759540923983 106.0 0
1759540923991 106.0 0
1759540924000 106.0 0
1759540924008 107.0 0
1759540924016 111.0 0
1759540924024 111.0 0
1759540924032 112.0 0
1759540924040 112.0 0
1759540924049 112.0 0
1759540924057 112.0 0
1759540924065 112.0 0
1759540924073 113.0 0
1759540924081 113.0 0
1759540924089 113.0 0
1759540924097 113.0 0
1759540924105 113.0 0
1759540924113 113.0 0
1759540924122 113.0 0
1759540924130 113.0 0
1759540924139 113.0 0
1759540924147 113.0 0
1759540924155 113.0 0
1759540924163 113.0 0
1759540924171 113.0 0
1759540924179 113.0 0
1759540924187 113.0 0
1759540924195 113.0 0
1759540924204 113.0 0
1759540924212 113.0 0
1759540924220 113.0 0
1759540924229 113.0 0
1759540924237 113.0 0
1759540924246 113.0 0
1759540924255 113.0 0
1759540924263 113.0 0
1759540924271 113.0 0
1759540924279 113.0 0
1759540924287 113.0 0
1759540924296 113.0 0
1759540924304 113.0 0
1759540924312 113.0 0
1759540924321 113.0 0
1759540924329 113.0 0
1759540924338 113.0 0
1759540924347 113.0 0
1759540924355 113.0 0
1759540924364 113.0 0
1759540924372 113.0 0
1759540924380 113.0 0
1759540924388 113.0 0
1759540924397 113.0 0
1759540924708 113.0 0
1759540924715 113.0 0
