1759540923742 -6.4525139664804465 0
1759540923751 1.0614525139664805 0
1759540923759 1.0614525139664805 0
1759540923767 1.0614525139664805 0
1759540923775 1.1173184357541899 0
1759540923783 1.229050279329609 0
1759540923792 1.452513966480447 0
1759540923800 1.5083798882681565 0
1759540923808 1.6201117318435754 0
1759540923815 1.6201117318435754 0
1759540923823 1.9553072625698324 0
1759540923831 2.374301675977654 0
1759540923840 1.8435754189944134 0
1759540923849 1.3966480446927374 0
1759540923857 1.0614525139664805 0
1759540923864 0.9497206703910615 0
1759540923872 0.4748603351955307 0
1759540923880 0.6424581005586593 0
1759540923888 0.41899441340782123 0
1759540923896 0.4748603351955307 0
1759540923904 0.5586592178770949 0
1759540923912 0.7821229050279329 0
1759540923920 0.44692737430167595 0
1759540923928 -1.5642458100558658 0
1759540923936 -1.899441340782123 0
1759540923944 -2.2905027932960893 0
1759540923952 -2.2905027932960893 0
1759540923960 -2.4860335195530725 0
1759540923968 -2.430167597765363 0
1759540923975 -2.9329608938547485 0
1759540923983 -3.5754189944134076 0
1759540923991 -3.5754189944134076 0
1759540924000 -3.8268156424581004 0
1759540924008 -3.7709497206703912 0
1759540924016 -4.050279329608938 0
1759540924024 -4.050279329608938 0
1759540924032 -4.4972067039106145 0
1759540924040 -5.0 0
1759540924049 -5.5027932960893855 0
1759540924057 -6.005586592178771 0
1759540924065 -6.5083798882681565 0
1759540924073 -6.4525139664804465 0
1759540924081 -7.206703910614525 0
1759540924089 -7.4581005586592175 0
1759540924097 -8.212290502793296 0
1759540924105 -8.212290502793296 0
1759540924113 -8.212290502793296 0
1759540924122 -8.212290502793296 0
1759540924130 -8.46368715083799 0
1759540924139 -8.71508379888268 0
1759540924147 -8.71508379888268 0
1759540924155 -8.71508379888268 0
1759540924163 -8.71508379888268 0
1759540924171 -8.71508379888268 0
1759540924179 -8.71508379888268 0
1759540924187 -8.966480446927374 0
1759540924195 -8.966480446927374 0
1759540924204 -8.966480446927374 0
1759540924212 -8.966480446927374 0
1759540924220 -8.966480446927374 0
1759540924229 -8.966480446927374 0
1759540924237 -8.966480446927374 0
1759540924246 -8.966480446927374 0
1759540924255 -8.966480446927374 0
1759540924263 -8.966480446927374 0
1759540924271 -8.966480446927374 0
1759540924279 -8.966480446927374 0
1759540924287 -8.966480446927374 0
1759540924296 -8.966480446927374 0
1759540924304 -8.966480446927374 0
1759540924312 -8.966480446927374 0
1759540924321 -8.966480446927374 0
1759540924329 -8.966480446927374 0
1759540924338 -9.217877094972067 0
1759540924347 -9.217877094972067 0
1759540924355 -9.217877094972067 0
1759540924364 -9.217877094972067 0
1759540924372 -9.217877094972067 0
1759540924380 -9.217877094972067 0
1759540924388 -9.217877094972067 0
1759540924397 -9.217877094972067 0
1759540924715 -6.4525139664804465 0
