1759284487775 33.0 0
1759284487828 33.0 0
1759284487837 0.0 0
1759284487846 0.0 0
1759284487854 0.0 0
1759284487862 0.0 0
1759284487870 0.0 0
1759284487878 0.0 0
1759284487886 0.0 0
1759284487893 0.0 0
1759284487901 0.0 0
1759284487909 0.0 0
1759284487917 0.0 0
1759284487925 0.0 0
1759284487933 0.0 0
1759284487941 0.0 0
1759284487949 0.0 0
1759284487957 0.0 0
1759284487965 0.0 0
1759284487973 0.0 0
1759284487981 0.0 0
1759284487989 0.0 0
1759284487997 0.0 0
1759284488005 0.0 0
1759284488013 0.0 0
1759284488020 0.0 0
1759284488029 1.0 0
1759284488037 2.0 0
1759284488045 2.0 0
1759284488053 3.0 0
1759284488060 6.0 0
1759284488068 10.0 0
1759284488076 13.0 0
1759284488084 13.0 0
1759284488092 13.0 0
1759284488100 13.0 0
1759284488108 14.0 0
1759284488116 20.0 0
1759284488124 21.0 0
1759284488132 23.0 0
1759284488140 25.0 0
1759284488148 28.0 0
1759284488156 33.0 0
1759284488164 39.0 0
1759284488173 42.0 0
1759284488181 47.0 0
1759284488189 48.0 0
1759284488197 55.0 0
1759284488205 57.0 0
1759284488213 60.0 0
1759284488221 60.0 0
1759284488230 62.0 0
1759284488238 63.0 0
1759284488246 63.0 0
1759284488255 63.0 0
1759284488263 64.0 0
1759284488271 65.0 0
1759284488279 65.0 0
1759284488287 65.0 0
1759284488296 65.0 0
1759284488304 65.0 0
1759284488312 65.0 0
1759284488320 65.0 0
1759284488329 65.0 0
1759284488337 65.0 0
1759284488345 65.0 0
1759284488354 65.0 0
1759284488362 65.0 0
1759284488370 65.0 0
1759284488378 65.0 0
1759284488386 66.0 0
1759284488394 66.0 0
1759284488402 66.0 0
1759284488411 66.0 0
1759284488419 66.0 0
1759284488428 66.0 0
1759284488437 66.0 0
1759284488445 66.0 0
1759284488454 66.0 0
1759284488462 66.0 0
1759284488470 66.0 0
1759284488479 66.0 0
1759284488728 33.0 0
1759284488736 33.0 0
