1759284487775 12.0 0
1759284487828 12.0 0
1759284487837 113.0 0
1759284487846 113.0 0
1759284487854 113.0 0
1759284487862 113.0 0
1759284487870 113.0 0
1759284487878 113.0 0
1759284487886 113.0 0
1759284487893 113.0 0
1759284487901 113.0 0
1759284487909 113.0 0
1759284487917 113.0 0
1759284487925 113.0 0
1759284487933 113.0 0
1759284487941 113.0 0
1759284487949 113.0 0
1759284487957 113.0 0
1759284487965 113.0 0
1759284487973 113.0 0
1759284487981 113.0 0
1759284487989 113.0 0
1759284487997 113.0 0
1759284488005 113.0 0
1759284488013 113.0 0
1759284488020 112.0 0
1759284488029 111.0 0
1759284488037 110.0 0
1759284488045 109.0 0
1759284488053 101.0 0
1759284488060 96.0 0
1759284488068 75.0 0
1759284488076 59.0 0
1759284488084 47.0 0
1759284488092 38.0 0
1759284488100 33.0 0
1759284488108 29.0 0
1759284488116 24.0 0
1759284488124 23.0 0
1759284488132 21.0 0
1759284488140 19.0 0
1759284488148 18.0 0
1759284488156 12.0 0
1759284488164 7.0 0
1759284488173 5.0 0
1759284488181 2.0 0
1759284488189 1.0 0
1759284488197 1.0 0
1759284488205 0.0 0
1759284488213 0.0 0
1759284488221 0.0 0
1759284488230 0.0 0
1759284488238 0.0 0
1759284488246 0.0 0
1759284488255 0.0 0
1759284488263 0.0 0
1759284488271 0.0 0
1759284488279 0.0 0
1759284488287 0.0 0
1759284488296 0.0 0
1759284488304 0.0 0
1759284488312 0.0 0
1759284488320 0.0 0
1759284488329 0.0 0
1759284488337 0.0 0
1759284488345 0.0 0
1759284488354 0.0 0
1759284488362 0.0 0
1759284488370 0.0 0
1759284488378 0.0 0
1759284488386 0.0 0
1759284488394 0.0 0
1759284488402 0.0 0
1759284488411 0.0 0
1759284488419 0.0 0
1759284488428 0.0 0
1759284488437 0.0 0
1759284488445 0.0 0
1759284488454 0.0 0
1759284488462 0.0 0
1759284488470 0.0 0
1759284488479 0.0 0
1759284488728 12.0 0
1759284488736 12.0 0
