1759284487828 -285.0 0
1759284487837 190.0 0
1759284487846 190.0 0
1759284487854 190.0 0
1759284487862 190.0 0
1759284487870 190.0 0
1759284487878 190.0 0
1759284487886 190.0 0
1759284487893 190.0 0
1759284487901 190.0 0
1759284487909 190.0 0
1759284487917 190.0 0
1759284487925 190.0 0
1759284487933 190.0 0
1759284487941 190.0 0
1759284487949 190.0 0
1759284487957 190.0 0
1759284487965 190.0 0
1759284487973 190.0 0
1759284487981 190.0 0
1759284487989 190.0 0
1759284487997 190.0 0
1759284488005 190.0 0
1759284488013 190.0 0
1759284488020 200.0 0
1759284488029 165.0 0
1759284488037 130.0 0
1759284488045 140.0 0
1759284488053 175.0 0
1759284488060 90.0 0
1759284488068 120.0 0
1759284488076 145.0 0
1759284488084 265.0 0
1759284488092 355.0 0
1759284488100 405.0 0
1759284488108 400.0 0
1759284488116 180.0 0
1759284488124 145.0 0
1759284488132 75.0 0
1759284488140 5.0 0
1759284488148 -120.0 0
1759284488156 -285.0 0
1759284488164 -505.0 0
1759284488173 -620.0 0
1759284488181 -815.0 0
1759284488189 -850.0 0
1759284488197 -1165.0 0
1759284488205 -1245.0 0
1759284488213 -1380.0 0
1759284488221 -1380.0 0
1759284488230 -1470.0 0
1759284488238 -1515.0 0
1759284488246 -1515.0 0
1759284488255 -1515.0 0
1759284488263 -1560.0 0
1759284488271 -1605.0 0
1759284488279 -1605.0 0
1759284488287 -1605.0 0
1759284488296 -1605.0 0
1759284488304 -1605.0 0
1759284488312 -1605.0 0
1759284488320 -1605.0 0
1759284488329 -1605.0 0
1759284488337 -1605.0 0
1759284488345 -1605.0 0
1759284488354 -1605.0 0
1759284488362 -1605.0 0
1759284488370 -1605.0 0
1759284488378 -1605.0 0
1759284488386 -1650.0 0
1759284488394 -1650.0 0
1759284488402 -1650.0 0
1759284488411 -1650.0 0
1759284488419 -1650.0 0
1759284488428 -1650.0 0
1759284488437 -1650.0 0
1759284488445 -1650.0 0
1759284488454 -1650.0 0
1759284488462 -1650.0 0
1759284488470 -1650.0 0
1759284488479 -1650.0 0
1759284488736 -285.0 0
