1759284487775 101.0 0
1759284487828 101.0 0
1759284487837 0.0 0
1759284487846 0.0 0
1759284487854 0.0 0
1759284487862 0.0 0
1759284487870 0.0 0
1759284487878 0.0 0
1759284487886 0.0 0
1759284487893 0.0 0
1759284487901 0.0 0
1759284487909 0.0 0
1759284487917 0.0 0
1759284487925 0.0 0
1759284487933 0.0 0
1759284487941 0.0 0
1759284487949 0.0 0
1759284487957 0.0 0
1759284487965 0.0 0
1759284487973 0.0 0
1759284487981 0.0 0
1759284487989 0.0 0
1759284487997 0.0 0
1759284488005 0.0 0
1759284488013 0.0 0
1759284488020 1.0 0
1759284488029 2.0 0
1759284488037 3.0 0
1759284488045 4.0 0
1759284488053 12.0 0
1759284488060 17.0 0
1759284488068 38.0 0
1759284488076 54.0 0
1759284488084 66.0 0
1759284488092 75.0 0
1759284488100 80.0 0
1759284488108 84.0 0
1759284488116 89.0 0
1759284488124 90.0 0
1759284488132 92.0 0
1759284488140 94.0 0
1759284488148 95.0 0
1759284488156 101.0 0
1759284488164 106.0 0
1759284488173 108.0 0
1759284488181 111.0 0
1759284488189 112.0 0
1759284488197 112.0 0
1759284488205 113.0 0
1759284488213 113.0 0
1759284488221 113.0 0
1759284488230 113.0 0
1759284488238 113.0 0
1759284488246 113.0 0
1759284488255 113.0 0
1759284488263 113.0 0
1759284488271 113.0 0
1759284488279 113.0 0
1759284488287 113.0 0
1759284488296 113.0 0
1759284488304 113.0 0
1759284488312 113.0 0
1759284488320 113.0 0
1759284488329 113.0 0
1759284488337 113.0 0
1759284488345 113.0 0
1759284488354 113.0 0
1759284488362 113.0 0
1759284488370 113.0 0
1759284488378 113.0 0
1759284488386 113.0 0
1759284488394 113.0 0
1759284488402 113.0 0
1759284488411 113.0 0
1759284488419 113.0 0
1759284488428 113.0 0
1759284488437 113.0 0
1759284488445 113.0 0
1759284488454 113.0 0
1759284488462 113.0 0
1759284488470 113.0 0
1759284488479 113.0 0
1759284488728 101.0 0
1759284488736 101.0 0
