1759284487775 33.0 0
1759284487828 33.0 0
1759284487837 66.0 0
1759284487846 66.0 0
1759284487854 66.0 0
1759284487862 66.0 0
1759284487870 66.0 0
1759284487878 66.0 0
1759284487886 66.0 0
1759284487893 66.0 0
1759284487901 66.0 0
1759284487909 66.0 0
1759284487917 66.0 0
1759284487925 66.0 0
1759284487933 66.0 0
1759284487941 66.0 0
1759284487949 66.0 0
1759284487957 66.0 0
1759284487965 66.0 0
1759284487973 66.0 0
1759284487981 66.0 0
1759284487989 66.0 0
1759284487997 66.0 0
1759284488005 66.0 0
1759284488013 66.0 0
1759284488020 66.0 0
1759284488029 65.0 0
1759284488037 64.0 0
1759284488045 64.0 0
1759284488053 63.0 0
1759284488060 60.0 0
1759284488068 56.0 0
1759284488076 53.0 0
1759284488084 53.0 0
1759284488092 53.0 0
1759284488100 53.0 0
1759284488108 52.0 0
1759284488116 46.0 0
1759284488124 45.0 0
1759284488132 43.0 0
1759284488140 41.0 0
1759284488148 38.0 0
1759284488156 33.0 0
1759284488164 27.0 0
1759284488173 24.0 0
1759284488181 19.0 0
1759284488189 18.0 0
1759284488197 11.0 0
1759284488205 9.0 0
1759284488213 6.0 0
1759284488221 6.0 0
1759284488230 4.0 0
1759284488238 3.0 0
1759284488246 3.0 0
1759284488255 3.0 0
1759284488263 2.0 0
1759284488271 1.0 0
1759284488279 1.0 0
1759284488287 1.0 0
1759284488296 1.0 0
1759284488304 1.0 0
1759284488312 1.0 0
1759284488320 1.0 0
1759284488329 1.0 0
1759284488337 1.0 0
1759284488345 1.0 0
1759284488354 1.0 0
1759284488362 1.0 0
1759284488370 1.0 0
1759284488378 1.0 0
1759284488386 0.0 0
1759284488394 0.0 0
1759284488402 0.0 0
1759284488411 0.0 0
1759284488419 0.0 0
1759284488428 0.0 0
1759284488437 0.0 0
1759284488445 0.0 0
1759284488454 0.0 0
1759284488462 0.0 0
1759284488470 0.0 0
1759284488479 0.0 0
1759284488728 33.0 0
1759284488736 33.0 0
