1759284487828 -1.5921787709497206 0
1759284487837 1.0614525139664805 0
1759284487846 1.0614525139664805 0
1759284487854 1.0614525139664805 0
1759284487862 1.0614525139664805 0
1759284487870 1.0614525139664805 0
1759284487878 1.0614525139664805 0
1759284487886 1.0614525139664805 0
1759284487893 1.0614525139664805 0
1759284487901 1.0614525139664805 0
1759284487909 1.0614525139664805 0
1759284487917 1.0614525139664805 0
1759284487925 1.0614525139664805 0
1759284487933 1.0614525139664805 0
1759284487941 1.0614525139664805 0
1759284487949 1.0614525139664805 0
1759284487957 1.0614525139664805 0
1759284487965 1.0614525139664805 0
1759284487973 1.0614525139664805 0
1759284487981 1.0614525139664805 0
1759284487989 1.0614525139664805 0
1759284487997 1.0614525139664805 0
1759284488005 1.0614525139664805 0
1759284488013 1.0614525139664805 0
1759284488020 1.1173184357541899 0
1759284488029 0.9217877094972067 0
1759284488037 0.7262569832402235 0
1759284488045 0.7821229050279329 0
1759284488053 0.9776536312849162 0
1759284488060 0.5027932960893855 0
1759284488068 0.6703910614525139 0
1759284488076 0.8100558659217877 0
1759284488084 1.4804469273743017 0
1759284488092 1.9832402234636872 0
1759284488100 2.2625698324022347 0
1759284488108 2.2346368715083798 0
1759284488116 1.005586592178771 0
1759284488124 0.8100558659217877 0
1759284488132 0.41899441340782123 0
1759284488140 0.027932960893854747 0
1759284488148 -0.6703910614525139 0
1759284488156 -1.5921787709497206 0
1759284488164 -2.82122905027933 0
1759284488173 -3.463687150837989 0
1759284488181 -4.553072625698324 0
1759284488189 -4.748603351955308 0
1759284488197 -6.5083798882681565 0
1759284488205 -6.955307262569832 0
1759284488213 -7.709497206703911 0
1759284488221 -7.709497206703911 0
1759284488230 -8.212290502793296 0
1759284488238 -8.46368715083799 0
1759284488246 -8.46368715083799 0
1759284488255 -8.46368715083799 0
1759284488263 -8.71508379888268 0
1759284488271 -8.966480446927374 0
1759284488279 -8.966480446927374 0
1759284488287 -8.966480446927374 0
1759284488296 -8.966480446927374 0
1759284488304 -8.966480446927374 0
1759284488312 -8.966480446927374 0
1759284488320 -8.966480446927374 0
1759284488329 -8.966480446927374 0
1759284488337 -8.966480446927374 0
1759284488345 -8.966480446927374 0
1759284488354 -8.966480446927374 0
1759284488362 -8.966480446927374 0
1759284488370 -8.966480446927374 0
1759284488378 -8.966480446927374 0
1759284488386 -9.217877094972067 0
1759284488394 -9.217877094972067 0
1759284488402 -9.217877094972067 0
1759284488411 -9.217877094972067 0
1759284488419 -9.217877094972067 0
1759284488428 -9.217877094972067 0
1759284488437 -9.217877094972067 0
1759284488445 -9.217877094972067 0
1759284488454 -9.217877094972067 0
1759284488462 -9.217877094972067 0
1759284488470 -9.217877094972067 0
1759284488479 -9.217877094972067 0
1759284488736 -1.5921787709497206 0
