1759284237691 0.0 0
1759284237743 0.0 0
1759284237753 113.0 0
1759284237761 113.0 0
1759284237769 113.0 0
1759284237777 113.0 0
1759284237785 113.0 0
1759284237793 113.0 0
1759284237801 113.0 0
1759284237808 113.0 0
1759284237816 113.0 0
1759284237824 113.0 0
1759284237832 113.0 0
1759284237839 113.0 0
1759284237847 113.0 0
1759284237855 113.0 0
1759284237863 105.0 0
1759284237871 95.0 0
1759284237878 93.0 0
1759284237886 80.0 0
1759284237894 74.0 0
1759284237902 72.0 0
1759284237909 62.0 0
1759284237917 57.0 0
1759284237925 51.0 0
1759284237932 49.0 0
1759284237940 46.0 0
1759284237949 45.0 0
1759284237957 36.0 0
1759284237965 29.0 0
1759284237972 23.0 0
1759284237981 22.0 0
1759284237989 22.0 0
1759284237997 20.0 0
1759284238004 18.0 0
1759284238012 13.0 0
1759284238020 9.0 0
1759284238028 7.0 0
1759284238036 6.0 0
1759284238045 5.0 0
1759284238053 3.0 0
1759284238061 2.0 0
1759284238069 0.0 0
1759284238077 0.0 0
1759284238085 0.0 0
1759284238093 0.0 0
1759284238101 0.0 0
1759284238109 0.0 0
1759284238117 0.0 0
1759284238126 0.0 0
1759284238134 0.0 0
1759284238142 0.0 0
1759284238150 0.0 0
1759284238158 0.0 0
1759284238167 0.0 0
1759284238175 0.0 0
1759284238183 0.0 0
1759284238192 0.0 0
1759284238200 0.0 0
1759284238208 0.0 0
1759284238216 0.0 0
1759284238224 0.0 0
1759284238232 0.0 0
1759284238240 0.0 0
1759284238249 0.0 0
1759284238257 0.0 0
1759284238266 0.0 0
1759284238274 0.0 0
1759284238282 0.0 0
1759284238290 0.0 0
1759284238299 0.0 0
1759284238307 0.0 0
1759284238315 0.0 0
1759284238323 0.0 0
1759284238332 0.0 0
1759284238340 0.0 0
1759284238348 0.0 0
1759284238357 0.0 0
1759284238365 0.0 0
1759284238374 0.0 0
1759284238382 0.0 0
1759284238390 0.0 0
1759284238635 0.0 0
1759284238642 0.0 0
