1759284237691 59.0 0
1759284237743 59.0 0
1759284237753 0.0 0
1759284237761 0.0 0
1759284237769 0.0 0
1759284237777 0.0 0
1759284237785 0.0 0
1759284237793 0.0 0
1759284237801 0.0 0
1759284237808 0.0 0
1759284237816 0.0 0
1759284237824 0.0 0
1759284237832 0.0 0
1759284237839 0.0 0
1759284237847 0.0 0
1759284237855 0.0 0
1759284237863 1.0 0
1759284237871 4.0 0
1759284237878 5.0 0
1759284237886 6.0 0
1759284237894 7.0 0
1759284237902 7.0 0
1759284237909 9.0 0
1759284237917 11.0 0
1759284237925 11.0 0
1759284237932 12.0 0
1759284237940 12.0 0
1759284237949 13.0 0
1759284237957 14.0 0
1759284237965 17.0 0
1759284237972 21.0 0
1759284237981 22.0 0
1759284237989 23.0 0
1759284237997 23.0 0
1759284238004 24.0 0
1759284238012 29.0 0
1759284238020 32.0 0
1759284238028 35.0 0
1759284238036 37.0 0
1759284238045 41.0 0
1759284238053 46.0 0
1759284238061 51.0 0
1759284238069 59.0 0
1759284238077 65.0 0
1759284238085 66.0 0
1759284238093 66.0 0
1759284238101 66.0 0
1759284238109 66.0 0
1759284238117 66.0 0
1759284238126 66.0 0
1759284238134 66.0 0
1759284238142 66.0 0
1759284238150 66.0 0
1759284238158 66.0 0
1759284238167 66.0 0
1759284238175 66.0 0
1759284238183 66.0 0
1759284238192 66.0 0
1759284238200 66.0 0
1759284238208 66.0 0
1759284238216 66.0 0
1759284238224 66.0 0
1759284238232 66.0 0
1759284238240 66.0 0
1759284238249 66.0 0
1759284238257 66.0 0
1759284238266 66.0 0
1759284238274 66.0 0
1759284238282 66.0 0
1759284238290 66.0 0
1759284238299 66.0 0
1759284238307 66.0 0
1759284238315 66.0 0
1759284238323 66.0 0
1759284238332 66.0 0
1759284238340 66.0 0
1759284238348 66.0 0
1759284238357 66.0 0
1759284238365 66.0 0
1759284238374 66.0 0
1759284238382 66.0 0
1759284238390 66.0 0
1759284238635 59.0 0
1759284238642 59.0 0
