1759284237743 -1335.0 0
1759284237753 190.0 0
1759284237761 190.0 0
1759284237769 190.0 0
1759284237777 190.0 0
1759284237785 190.0 0
1759284237793 190.0 0
1759284237801 190.0 0
1759284237808 190.0 0
1759284237816 190.0 0
1759284237824 190.0 0
1759284237832 190.0 0
1759284237839 190.0 0
1759284237847 190.0 0
1759284237855 190.0 0
1759284237863 225.0 0
1759284237871 190.0 0
1759284237878 165.0 0
1759284237886 250.0 0
1759284237894 265.0 0
1759284237902 285.0 0
1759284237909 295.0 0
1759284237917 255.0 0
1759284237925 315.0 0
1759284237932 290.0 0
1759284237940 320.0 0
1759284237949 285.0 0
1759284237957 330.0 0
1759284237965 265.0 0
1759284237972 145.0 0
1759284237981 110.0 0
1759284237989 65.0 0
1759284237997 85.0 0
1759284238004 60.0 0
1759284238012 -115.0 0
1759284238020 -210.0 0
1759284238028 -325.0 0
1759284238036 -405.0 0
1759284238045 -575.0 0
1759284238053 -780.0 0
1759284238061 -995.0 0
1759284238069 -1335.0 0
1759284238077 -1605.0 0
1759284238085 -1650.0 0
1759284238093 -1650.0 0
1759284238101 -1650.0 0
1759284238109 -1650.0 0
1759284238117 -1650.0 0
1759284238126 -1650.0 0
1759284238134 -1650.0 0
1759284238142 -1650.0 0
1759284238150 -1650.0 0
1759284238158 -1650.0 0
1759284238167 -1650.0 0
1759284238175 -1650.0 0
1759284238183 -1650.0 0
1759284238192 -1650.0 0
1759284238200 -1650.0 0
1759284238208 -1650.0 0
1759284238216 -1650.0 0
1759284238224 -1650.0 0
1759284238232 -1650.0 0
1759284238240 -1650.0 0
1759284238249 -1650.0 0
1759284238257 -1650.0 0
1759284238266 -1650.0 0
1759284238274 -1650.0 0
1759284238282 -1650.0 0
1759284238290 -1650.0 0
1759284238299 -1650.0 0
1759284238307 -1650.0 0
1759284238315 -1650.0 0
1759284238323 -1650.0 0
1759284238332 -1650.0 0
1759284238340 -1650.0 0
1759284238348 -1650.0 0
1759284238357 -1650.0 0
1759284238365 -1650.0 0
1759284238374 -1650.0 0
1759284238382 -1650.0 0
1759284238390 -1650.0 0
1759284238642 -1335.0 0
