1759284237691 7.0 0
1759284237743 7.0 0
1759284237753 66.0 0
1759284237761 66.0 0
1759284237769 66.0 0
1759284237777 66.0 0
1759284237785 66.0 0
1759284237793 66.0 0
1759284237801 66.0 0
1759284237808 66.0 0
1759284237816 66.0 0
1759284237824 66.0 0
1759284237832 66.0 0
1759284237839 66.0 0
1759284237847 66.0 0
1759284237855 66.0 0
1759284237863 65.0 0
1759284237871 62.0 0
1759284237878 61.0 0
1759284237886 60.0 0
1759284237894 59.0 0
1759284237902 59.0 0
1759284237909 57.0 0
1759284237917 55.0 0
1759284237925 55.0 0
1759284237932 54.0 0
1759284237940 54.0 0
1759284237949 53.0 0
1759284237957 52.0 0
1759284237965 49.0 0
1759284237972 45.0 0
1759284237981 44.0 0
1759284237989 43.0 0
1759284237997 43.0 0
1759284238004 42.0 0
1759284238012 37.0 0
1759284238020 34.0 0
1759284238028 31.0 0
1759284238036 29.0 0
1759284238045 25.0 0
1759284238053 20.0 0
1759284238061 15.0 0
1759284238069 7.0 0
1759284238077 1.0 0
1759284238085 0.0 0
1759284238093 0.0 0
1759284238101 0.0 0
1759284238109 0.0 0
1759284238117 0.0 0
1759284238126 0.0 0
1759284238134 0.0 0
1759284238142 0.0 0
1759284238150 0.0 0
1759284238158 0.0 0
1759284238167 0.0 0
1759284238175 0.0 0
1759284238183 0.0 0
1759284238192 0.0 0
1759284238200 0.0 0
1759284238208 0.0 0
1759284238216 0.0 0
1759284238224 0.0 0
1759284238232 0.0 0
1759284238240 0.0 0
1759284238249 0.0 0
1759284238257 0.0 0
1759284238266 0.0 0
1759284238274 0.0 0
1759284238282 0.0 0
1759284238290 0.0 0
1759284238299 0.0 0
1759284238307 0.0 0
1759284238315 0.0 0
1759284238323 0.0 0
1759284238332 0.0 0
1759284238340 0.0 0
1759284238348 0.0 0
1759284238357 0.0 0
1759284238365 0.0 0
1759284238374 0.0 0
1759284238382 0.0 0
1759284238390 0.0 0
1759284238635 7.0 0
1759284238642 7.0 0
