1759284237691 113.0 0
1759284237743 113.0 0
1759284237753 0.0 0
1759284237761 0.0 0
1759284237769 0.0 0
1759284237777 0.0 0
1759284237785 0.0 0
1759284237793 0.0 0
1759284237801 0.0 0
1759284237808 0.0 0
1759284237816 0.0 0
1759284237824 0.0 0
1759284237832 0.0 0
1759284237839 0.0 0
1759284237847 0.0 0
1759284237855 0.0 0
1759284237863 8.0 0
1759284237871 18.0 0
1759284237878 20.0 0
1759284237886 33.0 0
1759284237894 39.0 0
1759284237902 41.0 0
1759284237909 51.0 0
1759284237917 56.0 0
1759284237925 62.0 0
1759284237932 64.0 0
1759284237940 67.0 0
1759284237949 68.0 0
1759284237957 77.0 0
1759284237965 84.0 0
1759284237972 90.0 0
1759284237981 91.0 0
1759284237989 91.0 0
1759284237997 93.0 0
1759284238004 95.0 0
1759284238012 100.0 0
1759284238020 104.0 0
1759284238028 106.0 0
1759284238036 107.0 0
1759284238045 108.0 0
1759284238053 110.0 0
1759284238061 111.0 0
1759284238069 113.0 0
1759284238077 113.0 0
1759284238085 113.0 0
1759284238093 113.0 0
1759284238101 113.0 0
1759284238109 113.0 0
1759284238117 113.0 0
1759284238126 113.0 0
1759284238134 113.0 0
1759284238142 113.0 0
1759284238150 113.0 0
1759284238158 113.0 0
1759284238167 113.0 0
1759284238175 113.0 0
1759284238183 113.0 0
1759284238192 113.0 0
1759284238200 113.0 0
1759284238208 113.0 0
1759284238216 113.0 0
1759284238224 113.0 0
1759284238232 113.0 0
1759284238240 113.0 0
1759284238249 113.0 0
1759284238257 113.0 0
1759284238266 113.0 0
1759284238274 113.0 0
1759284238282 113.0 0
1759284238290 113.0 0
1759284238299 113.0 0
1759284238307 113.0 0
1759284238315 113.0 0
1759284238323 113.0 0
1759284238332 113.0 0
1759284238340 113.0 0
1759284238348 113.0 0
1759284238357 113.0 0
1759284238365 113.0 0
1759284238374 113.0 0
1759284238382 113.0 0
1759284238390 113.0 0
1759284238635 113.0 0
1759284238642 113.0 0
