1759284237743 -7.4581005586592175 0
1759284237753 1.0614525139664805 0
1759284237761 1.0614525139664805 0
1759284237769 1.0614525139664805 0
1759284237777 1.0614525139664805 0
1759284237785 1.0614525139664805 0
1759284237793 1.0614525139664805 0
1759284237801 1.0614525139664805 0
1759284237808 1.0614525139664805 0
1759284237816 1.0614525139664805 0
1759284237824 1.0614525139664805 0
1759284237832 1.0614525139664805 0
1759284237839 1.0614525139664805 0
1759284237847 1.0614525139664805 0
1759284237855 1.0614525139664805 0
1759284237863 1.2569832402234637 0
1759284237871 1.0614525139664805 0
1759284237878 0.9217877094972067 0
1759284237886 1.3966480446927374 0
1759284237894 1.4804469273743017 0
1759284237902 1.5921787709497206 0
1759284237909 1.6480446927374302 0
1759284237917 1.4245810055865922 0
1759284237925 1.7597765363128492 0
1759284237932 1.6201117318435754 0
1759284237940 1.7877094972067038 0
1759284237949 1.5921787709497206 0
1759284237957 1.8435754189944134 0
1759284237965 1.4804469273743017 0
1759284237972 0.8100558659217877 0
1759284237981 0.6145251396648045 0
1759284237989 0.36312849162011174 0
1759284237997 0.4748603351955307 0
1759284238004 0.33519553072625696 0
1759284238012 -0.6424581005586593 0
1759284238020 -1.1731843575418994 0
1759284238028 -1.8156424581005586 0
1759284238036 -2.2625698324022347 0
1759284238045 -3.212290502793296 0
1759284238053 -4.35754189944134 0
1759284238061 -5.558659217877095 0
1759284238069 -7.4581005586592175 0
1759284238077 -8.966480446927374 0
1759284238085 -9.217877094972067 0
1759284238093 -9.217877094972067 0
1759284238101 -9.217877094972067 0
1759284238109 -9.217877094972067 0
1759284238117 -9.217877094972067 0
1759284238126 -9.217877094972067 0
1759284238134 -9.217877094972067 0
1759284238142 -9.217877094972067 0
1759284238150 -9.217877094972067 0
1759284238158 -9.217877094972067 0
1759284238167 -9.217877094972067 0
1759284238175 -9.217877094972067 0
1759284238183 -9.217877094972067 0
1759284238192 -9.217877094972067 0
1759284238200 -9.217877094972067 0
1759284238208 -9.217877094972067 0
1759284238216 -9.217877094972067 0
1759284238224 -9.217877094972067 0
1759284238232 -9.217877094972067 0
1759284238240 -9.217877094972067 0
1759284238249 -9.217877094972067 0
1759284238257 -9.217877094972067 0
1759284238266 -9.217877094972067 0
1759284238274 -9.217877094972067 0
1759284238282 -9.217877094972067 0
1759284238290 -9.217877094972067 0
1759284238299 -9.217877094972067 0
1759284238307 -9.217877094972067 0
1759284238315 -9.217877094972067 0
1759284238323 -9.217877094972067 0
1759284238332 -9.217877094972067 0
1759284238340 -9.217877094972067 0
1759284238348 -9.217877094972067 0
1759284238357 -9.217877094972067 0
1759284238365 -9.217877094972067 0
1759284238374 -9.217877094972067 0
1759284238382 -9.217877094972067 0
1759284238390 -9.217877094972067 0
1759284238642 -7.4581005586592175 0
