1759284476896 2.0 0
1759284476947 2.0 0
1759284476956 113.0 0
1759284476965 113.0 0
1759284476974 113.0 0
1759284476982 113.0 0
1759284476990 113.0 0
1759284476998 111.0 0
1759284477006 110.0 0
1759284477014 110.0 0
1759284477022 107.0 0
1759284477029 104.0 0
1759284477037 103.0 0
1759284477045 99.0 0
1759284477053 95.0 0
1759284477060 66.0 0
1759284477068 63.0 0
1759284477076 52.0 0
1759284477085 49.0 0
1759284477093 46.0 0
1759284477101 39.0 0
1759284477108 38.0 0
1759284477116 37.0 0
1759284477124 33.0 0
1759284477132 33.0 0
1759284477140 28.0 0
1759284477147 26.0 0
1759284477155 23.0 0
1759284477164 22.0 0
1759284477172 21.0 0
1759284477180 20.0 0
1759284477188 16.0 0
1759284477196 15.0 0
1759284477204 14.0 0
1759284477212 11.0 0
1759284477220 11.0 0
1759284477228 8.0 0
1759284477237 7.0 0
1759284477244 5.0 0
1759284477252 4.0 0
1759284477260 4.0 0
1759284477269 3.0 0
1759284477278 2.0 0
1759284477286 2.0 0
1759284477294 1.0 0
1759284477302 1.0 0
1759284477310 1.0 0
1759284477318 1.0 0
1759284477325 1.0 0
1759284477333 1.0 0
1759284477341 1.0 0
1759284477349 0.0 0
1759284477357 0.0 0
1759284477366 0.0 0
1759284477374 0.0 0
1759284477383 0.0 0
1759284477391 0.0 0
1759284477399 0.0 0
1759284477407 0.0 0
1759284477415 0.0 0
1759284477423 0.0 0
1759284477431 0.0 0
1759284477440 0.0 0
1759284477448 0.0 0
1759284477456 0.0 0
1759284477464 0.0 0
1759284477473 0.0 0
1759284477481 0.0 0
1759284477490 0.0 0
1759284477498 0.0 0
1759284477506 0.0 0
1759284477514 0.0 0
1759284477523 0.0 0
1759284477531 0.0 0
1759284477539 0.0 0
1759284477547 0.0 0
1759284477555 0.0 0
1759284477564 0.0 0
1759284477572 0.0 0
1759284477581 0.0 0
1759284477589 0.0 0
1759284477597 0.0 0
1759284477842 2.0 0
1759284477850 2.0 0
