1759284476896 50.0 0
1759284476947 50.0 0
1759284476956 0.0 0
1759284476965 0.0 0
1759284476974 0.0 0
1759284476982 0.0 0
1759284476990 0.0 0
1759284476998 0.0 0
1759284477006 0.0 0
1759284477014 0.0 0
1759284477022 0.0 0
1759284477029 0.0 0
1759284477037 0.0 0
1759284477045 0.0 0
1759284477053 2.0 0
1759284477060 7.0 0
1759284477068 8.0 0
1759284477076 10.0 0
1759284477085 12.0 0
1759284477093 15.0 0
1759284477101 16.0 0
1759284477108 17.0 0
1759284477116 17.0 0
1759284477124 20.0 0
1759284477132 20.0 0
1759284477140 21.0 0
1759284477147 23.0 0
1759284477155 23.0 0
1759284477164 25.0 0
1759284477172 25.0 0
1759284477180 25.0 0
1759284477188 26.0 0
1759284477196 27.0 0
1759284477204 31.0 0
1759284477212 34.0 0
1759284477220 36.0 0
1759284477228 37.0 0
1759284477237 41.0 0
1759284477244 42.0 0
1759284477252 45.0 0
1759284477260 46.0 0
1759284477269 46.0 0
1759284477278 50.0 0
1759284477286 51.0 0
1759284477294 57.0 0
1759284477302 59.0 0
1759284477310 62.0 0
1759284477318 64.0 0
1759284477325 64.0 0
1759284477333 65.0 0
1759284477341 65.0 0
1759284477349 65.0 0
1759284477357 65.0 0
1759284477366 65.0 0
1759284477374 65.0 0
1759284477383 65.0 0
1759284477391 65.0 0
1759284477399 65.0 0
1759284477407 65.0 0
1759284477415 65.0 0
1759284477423 65.0 0
1759284477431 65.0 0
1759284477440 65.0 0
1759284477448 65.0 0
1759284477456 65.0 0
1759284477464 66.0 0
1759284477473 66.0 0
1759284477481 66.0 0
1759284477490 66.0 0
1759284477498 66.0 0
1759284477506 66.0 0
1759284477514 66.0 0
1759284477523 66.0 0
1759284477531 66.0 0
1759284477539 66.0 0
1759284477547 66.0 0
1759284477555 66.0 0
1759284477564 66.0 0
1759284477572 66.0 0
1759284477581 66.0 0
1759284477589 66.0 0
1759284477597 66.0 0
1759284477842 50.0 0
1759284477850 50.0 0
