1759284476947 -950.0 0
1759284476956 190.0 0
1759284476965 190.0 0
1759284476974 190.0 0
1759284476982 190.0 0
1759284476990 190.0 0
1759284476998 210.0 0
1759284477006 220.0 0
1759284477014 220.0 0
1759284477022 250.0 0
1759284477029 280.0 0
1759284477037 290.0 0
1759284477045 330.0 0
1759284477053 280.0 0
1759284477060 345.0 0
1759284477068 330.0 0
1759284477076 350.0 0
1759284477085 290.0 0
1759284477093 185.0 0
1759284477101 210.0 0
1759284477108 175.0 0
1759284477116 185.0 0
1759284477124 90.0 0
1759284477132 90.0 0
1759284477140 95.0 0
1759284477147 25.0 0
1759284477155 55.0 0
1759284477164 -25.0 0
1759284477172 -15.0 0
1759284477180 -5.0 0
1759284477188 -10.0 0
1759284477196 -45.0 0
1759284477204 -215.0 0
1759284477212 -320.0 0
1759284477220 -410.0 0
1759284477228 -425.0 0
1759284477237 -595.0 0
1759284477244 -620.0 0
1759284477252 -745.0 0
1759284477260 -790.0 0
1759284477269 -780.0 0
1759284477278 -950.0 0
1759284477286 -995.0 0
1759284477294 -1255.0 0
1759284477302 -1345.0 0
1759284477310 -1480.0 0
1759284477318 -1570.0 0
1759284477325 -1570.0 0
1759284477333 -1615.0 0
1759284477341 -1615.0 0
1759284477349 -1605.0 0
1759284477357 -1605.0 0
1759284477366 -1605.0 0
1759284477374 -1605.0 0
1759284477383 -1605.0 0
1759284477391 -1605.0 0
1759284477399 -1605.0 0
1759284477407 -1605.0 0
1759284477415 -1605.0 0
1759284477423 -1605.0 0
1759284477431 -1605.0 0
1759284477440 -1605.0 0
1759284477448 -1605.0 0
1759284477456 -1605.0 0
1759284477464 -1650.0 0
1759284477473 -1650.0 0
1759284477481 -1650.0 0
1759284477490 -1650.0 0
1759284477498 -1650.0 0
1759284477506 -1650.0 0
1759284477514 -1650.0 0
1759284477523 -1650.0 0
1759284477531 -1650.0 0
1759284477539 -1650.0 0
1759284477547 -1650.0 0
1759284477555 -1650.0 0
1759284477564 -1650.0 0
1759284477572 -1650.0 0
1759284477581 -1650.0 0
1759284477589 -1650.0 0
1759284477597 -1650.0 0
1759284477850 -950.0 0
