1759284476455 0.6743802638614879 0
1759284476485 0.5904043001287124 1
1759284476512 0.5507972187855664 2
1759284476539 0.5116525818319881 3
1759284476565 0.4601435591192806 4
1759284476593 0.43499859290964465 5
1759284476620 0.39479682200095234 6
1759284476647 0.3866315764539382 7
1759284476675 0.3565640537177815 8
1759284476702 0.3413454118896933 9
1759284476728 0.3243790724698235 10
1759284476753 0.3134613282540265 11
1759284476779 0.2764090211952434 12
1759284476804 0.28713970499880176 13
1759284476829 0.25529327813316793 14
1759284476855 0.24088676361476674 15
1759284476880 0.24281652885324814 16
