1759284476896 16.0 0
1759284476947 16.0 0
1759284476956 66.0 0
1759284476965 66.0 0
1759284476974 66.0 0
1759284476982 66.0 0
1759284476990 66.0 0
1759284476998 66.0 0
1759284477006 66.0 0
1759284477014 66.0 0
1759284477022 66.0 0
1759284477029 66.0 0
1759284477037 66.0 0
1759284477045 66.0 0
1759284477053 64.0 0
1759284477060 59.0 0
1759284477068 58.0 0
1759284477076 56.0 0
1759284477085 54.0 0
1759284477093 51.0 0
1759284477101 50.0 0
1759284477108 49.0 0
1759284477116 49.0 0
1759284477124 46.0 0
1759284477132 46.0 0
1759284477140 45.0 0
1759284477147 43.0 0
1759284477155 43.0 0
1759284477164 41.0 0
1759284477172 41.0 0
1759284477180 41.0 0
1759284477188 40.0 0
1759284477196 39.0 0
1759284477204 35.0 0
1759284477212 32.0 0
1759284477220 30.0 0
1759284477228 29.0 0
1759284477237 25.0 0
1759284477244 24.0 0
1759284477252 21.0 0
1759284477260 20.0 0
1759284477269 20.0 0
1759284477278 16.0 0
1759284477286 15.0 0
1759284477294 9.0 0
1759284477302 7.0 0
1759284477310 4.0 0
1759284477318 2.0 0
1759284477325 2.0 0
1759284477333 1.0 0
1759284477341 1.0 0
1759284477349 1.0 0
1759284477357 1.0 0
1759284477366 1.0 0
1759284477374 1.0 0
1759284477383 1.0 0
1759284477391 1.0 0
1759284477399 1.0 0
1759284477407 1.0 0
1759284477415 1.0 0
1759284477423 1.0 0
1759284477431 1.0 0
1759284477440 1.0 0
1759284477448 1.0 0
1759284477456 1.0 0
1759284477464 0.0 0
1759284477473 0.0 0
1759284477481 0.0 0
1759284477490 0.0 0
1759284477498 0.0 0
1759284477506 0.0 0
1759284477514 0.0 0
1759284477523 0.0 0
1759284477531 0.0 0
1759284477539 0.0 0
1759284477547 0.0 0
1759284477555 0.0 0
1759284477564 0.0 0
1759284477572 0.0 0
1759284477581 0.0 0
1759284477589 0.0 0
1759284477597 0.0 0
1759284477842 16.0 0
1759284477850 16.0 0
