1759284476896 111.0 0
1759284476947 111.0 0
1759284476956 0.0 0
1759284476965 0.0 0
1759284476974 0.0 0
1759284476982 0.0 0
1759284476990 0.0 0
1759284476998 2.0 0
1759284477006 3.0 0
1759284477014 3.0 0
1759284477022 6.0 0
1759284477029 9.0 0
1759284477037 10.0 0
1759284477045 14.0 0
1759284477053 18.0 0
1759284477060 47.0 0
1759284477068 50.0 0
1759284477076 61.0 0
1759284477085 64.0 0
1759284477093 67.0 0
1759284477101 74.0 0
1759284477108 75.0 0
1759284477116 76.0 0
1759284477124 80.0 0
1759284477132 80.0 0
1759284477140 85.0 0
1759284477147 87.0 0
1759284477155 90.0 0
1759284477164 91.0 0
1759284477172 92.0 0
1759284477180 93.0 0
1759284477188 97.0 0
1759284477196 98.0 0
1759284477204 99.0 0
1759284477212 102.0 0
1759284477220 102.0 0
1759284477228 105.0 0
1759284477237 106.0 0
1759284477244 108.0 0
1759284477252 109.0 0
1759284477260 109.0 0
1759284477269 110.0 0
1759284477278 111.0 0
1759284477286 111.0 0
1759284477294 112.0 0
1759284477302 112.0 0
1759284477310 112.0 0
1759284477318 112.0 0
1759284477325 112.0 0
1759284477333 112.0 0
1759284477341 112.0 0
1759284477349 113.0 0
1759284477357 113.0 0
1759284477366 113.0 0
1759284477374 113.0 0
1759284477383 113.0 0
1759284477391 113.0 0
1759284477399 113.0 0
1759284477407 113.0 0
1759284477415 113.0 0
1759284477423 113.0 0
1759284477431 113.0 0
1759284477440 113.0 0
1759284477448 113.0 0
1759284477456 113.0 0
1759284477464 113.0 0
1759284477473 113.0 0
1759284477481 113.0 0
1759284477490 113.0 0
1759284477498 113.0 0
1759284477506 113.0 0
1759284477514 113.0 0
1759284477523 113.0 0
1759284477531 113.0 0
1759284477539 113.0 0
1759284477547 113.0 0
1759284477555 113.0 0
1759284477564 113.0 0
1759284477572 113.0 0
1759284477581 113.0 0
1759284477589 113.0 0
1759284477597 113.0 0
1759284477842 111.0 0
1759284477850 111.0 0
