1759284476947 -5.307262569832402 0
1759284476956 1.0614525139664805 0
1759284476965 1.0614525139664805 0
1759284476974 1.0614525139664805 0
1759284476982 1.0614525139664805 0
1759284476990 1.0614525139664805 0
1759284476998 1.1731843575418994 0
1759284477006 1.229050279329609 0
1759284477014 1.229050279329609 0
1759284477022 1.3966480446927374 0
1759284477029 1.5642458100558658 0
1759284477037 1.6201117318435754 0
1759284477045 1.8435754189944134 0
1759284477053 1.5642458100558658 0
1759284477060 1.9273743016759777 0
1759284477068 1.8435754189944134 0
1759284477076 1.9553072625698324 0
1759284477085 1.6201117318435754 0
1759284477093 1.0335195530726258 0
1759284477101 1.1731843575418994 0
1759284477108 0.9776536312849162 0
1759284477116 1.0335195530726258 0
1759284477124 0.5027932960893855 0
1759284477132 0.5027932960893855 0
1759284477140 0.5307262569832403 0
1759284477147 0.13966480446927373 0
1759284477155 0.30726256983240224 0
1759284477164 -0.13966480446927373 0
1759284477172 -0.08379888268156424 0
1759284477180 -0.027932960893854747 0
1759284477188 -0.055865921787709494 0
1759284477196 -0.25139664804469275 0
1759284477204 -1.2011173184357542 0
1759284477212 -1.7877094972067038 0
1759284477220 -2.2905027932960893 0
1759284477228 -2.374301675977654 0
1759284477237 -3.3240223463687153 0
1759284477244 -3.463687150837989 0
1759284477252 -4.162011173184357 0
1759284477260 -4.41340782122905 0
1759284477269 -4.35754189944134 0
1759284477278 -5.307262569832402 0
1759284477286 -5.558659217877095 0
1759284477294 -7.011173184357542 0
1759284477302 -7.5139664804469275 0
1759284477310 -8.268156424581006 0
1759284477318 -8.77094972067039 0
1759284477325 -8.77094972067039 0
1759284477333 -9.022346368715084 0
1759284477341 -9.022346368715084 0
1759284477349 -8.966480446927374 0
1759284477357 -8.966480446927374 0
1759284477366 -8.966480446927374 0
1759284477374 -8.966480446927374 0
1759284477383 -8.966480446927374 0
1759284477391 -8.966480446927374 0
1759284477399 -8.966480446927374 0
1759284477407 -8.966480446927374 0
1759284477415 -8.966480446927374 0
1759284477423 -8.966480446927374 0
1759284477431 -8.966480446927374 0
1759284477440 -8.966480446927374 0
1759284477448 -8.966480446927374 0
1759284477456 -8.966480446927374 0
1759284477464 -9.217877094972067 0
1759284477473 -9.217877094972067 0
1759284477481 -9.217877094972067 0
1759284477490 -9.217877094972067 0
1759284477498 -9.217877094972067 0
1759284477506 -9.217877094972067 0
1759284477514 -9.217877094972067 0
1759284477523 -9.217877094972067 0
1759284477531 -9.217877094972067 0
1759284477539 -9.217877094972067 0
1759284477547 -9.217877094972067 0
1759284477555 -9.217877094972067 0
1759284477564 -9.217877094972067 0
1759284477572 -9.217877094972067 0
1759284477581 -9.217877094972067 0
1759284477589 -9.217877094972067 0
1759284477597 -9.217877094972067 0
1759284477850 -5.307262569832402 0
