1759276541265 0.0 0
1759276541317 0.0 0
1759276541325 113.0 0
1759276541333 112.0 0
1759276541341 108.0 0
1759276541348 102.0 0
1759276541356 91.0 0
1759276541364 80.0 0
1759276541372 66.0 0
1759276541381 64.0 0
1759276541389 57.0 0
1759276541397 56.0 0
1759276541405 54.0 0
1759276541414 53.0 0
1759276541421 51.0 0
1759276541429 47.0 0
1759276541437 41.0 0
1759276541444 38.0 0
1759276541452 37.0 0
1759276541460 35.0 0
1759276541468 30.0 0
1759276541476 23.0 0
1759276541484 17.0 0
1759276541492 12.0 0
1759276541500 12.0 0
1759276541508 11.0 0
1759276541516 9.0 0
1759276541524 7.0 0
1759276541531 7.0 0
1759276541539 6.0 0
1759276541547 4.0 0
1759276541555 4.0 0
1759276541562 3.0 0
1759276541570 3.0 0
1759276541578 2.0 0
1759276541586 2.0 0
1759276541595 2.0 0
1759276541602 1.0 0
1759276541611 1.0 0
1759276541618 0.0 0
1759276541626 0.0 0
1759276541634 0.0 0
1759276541642 0.0 0
1759276541650 0.0 0
1759276541658 0.0 0
1759276541666 0.0 0
1759276541674 0.0 0
1759276541682 0.0 0
1759276541691 0.0 0
1759276541699 0.0 0
1759276541708 0.0 0
1759276541716 0.0 0
1759276541724 0.0 0
1759276541732 0.0 0
1759276541740 0.0 0
1759276541748 0.0 0
1759276541756 0.0 0
1759276541764 0.0 0
1759276541772 0.0 0
1759276541781 0.0 0
1759276541789 0.0 0
1759276541797 0.0 0
1759276541805 0.0 0
1759276541813 0.0 0
1759276541821 0.0 0
1759276541830 0.0 0
1759276541838 0.0 0
1759276541846 0.0 0
1759276541854 0.0 0
1759276541862 0.0 0
1759276541871 0.0 0
1759276541879 0.0 0
1759276541888 0.0 0
1759276541896 0.0 0
1759276541904 0.0 0
1759276541912 0.0 0
1759276541920 0.0 0
1759276541928 0.0 0
1759276541937 0.0 0
1759276541945 0.0 0
1759276541953 0.0 0
1759276541961 0.0 0
1759276542207 0.0 0
1759276542214 0.0 0
