1759276541265 56.0 0
1759276541317 56.0 0
1759276541325 0.0 0
1759276541333 0.0 0
1759276541341 1.0 0
1759276541348 1.0 0
1759276541356 5.0 0
1759276541364 8.0 0
1759276541372 9.0 0
1759276541381 9.0 0
1759276541389 10.0 0
1759276541397 10.0 0
1759276541405 10.0 0
1759276541414 10.0 0
1759276541421 11.0 0
1759276541429 12.0 0
1759276541437 13.0 0
1759276541444 15.0 0
1759276541452 15.0 0
1759276541460 16.0 0
1759276541468 18.0 0
1759276541476 20.0 0
1759276541484 23.0 0
1759276541492 26.0 0
1759276541500 26.0 0
1759276541508 26.0 0
1759276541516 28.0 0
1759276541524 29.0 0
1759276541531 30.0 0
1759276541539 31.0 0
1759276541547 33.0 0
1759276541555 33.0 0
1759276541562 35.0 0
1759276541570 36.0 0
1759276541578 37.0 0
1759276541586 37.0 0
1759276541595 38.0 0
1759276541602 39.0 0
1759276541611 43.0 0
1759276541618 45.0 0
1759276541626 50.0 0
1759276541634 54.0 0
1759276541642 56.0 0
1759276541650 58.0 0
1759276541658 59.0 0
1759276541666 59.0 0
1759276541674 62.0 0
1759276541682 62.0 0
1759276541691 62.0 0
1759276541699 62.0 0
1759276541708 62.0 0
1759276541716 65.0 0
1759276541724 65.0 0
1759276541732 65.0 0
1759276541740 65.0 0
1759276541748 66.0 0
1759276541756 66.0 0
1759276541764 66.0 0
1759276541772 66.0 0
1759276541781 66.0 0
1759276541789 66.0 0
1759276541797 66.0 0
1759276541805 66.0 0
1759276541813 66.0 0
1759276541821 66.0 0
1759276541830 66.0 0
1759276541838 66.0 0
1759276541846 66.0 0
1759276541854 66.0 0
1759276541862 66.0 0
1759276541871 66.0 0
1759276541879 66.0 0
1759276541888 66.0 0
1759276541896 66.0 0
1759276541904 66.0 0
1759276541912 66.0 0
1759276541920 66.0 0
1759276541928 66.0 0
1759276541937 66.0 0
1759276541945 66.0 0
1759276541953 66.0 0
1759276541961 66.0 0
1759276542207 56.0 0
1759276542214 56.0 0
