1759276541317 -1200.0 0
1759276541325 190.0 0
1759276541333 200.0 0
1759276541341 195.0 0
1759276541348 255.0 0
1759276541356 185.0 0
1759276541364 160.0 0
1759276541372 255.0 0
1759276541381 275.0 0
1759276541389 300.0 0
1759276541397 310.0 0
1759276541405 330.0 0
1759276541414 340.0 0
1759276541421 315.0 0
1759276541429 310.0 0
1759276541437 325.0 0
1759276541444 265.0 0
1759276541452 275.0 0
1759276541460 250.0 0
1759276541468 210.0 0
1759276541476 190.0 0
1759276541484 115.0 0
1759276541492 30.0 0
1759276541500 30.0 0
1759276541508 40.0 0
1759276541516 -30.0 0
1759276541524 -55.0 0
1759276541531 -100.0 0
1759276541539 -135.0 0
1759276541547 -205.0 0
1759276541555 -205.0 0
1759276541562 -285.0 0
1759276541570 -330.0 0
1759276541578 -365.0 0
1759276541586 -365.0 0
1759276541595 -410.0 0
1759276541602 -445.0 0
1759276541611 -625.0 0
1759276541618 -705.0 0
1759276541626 -930.0 0
1759276541634 -1110.0 0
1759276541642 -1200.0 0
1759276541650 -1290.0 0
1759276541658 -1335.0 0
1759276541666 -1335.0 0
1759276541674 -1470.0 0
1759276541682 -1470.0 0
1759276541691 -1470.0 0
1759276541699 -1470.0 0
1759276541708 -1470.0 0
1759276541716 -1605.0 0
1759276541724 -1605.0 0
1759276541732 -1605.0 0
1759276541740 -1605.0 0
1759276541748 -1650.0 0
1759276541756 -1650.0 0
1759276541764 -1650.0 0
1759276541772 -1650.0 0
1759276541781 -1650.0 0
1759276541789 -1650.0 0
1759276541797 -1650.0 0
1759276541805 -1650.0 0
1759276541813 -1650.0 0
1759276541821 -1650.0 0
1759276541830 -1650.0 0
1759276541838 -1650.0 0
1759276541846 -1650.0 0
1759276541854 -1650.0 0
1759276541862 -1650.0 0
1759276541871 -1650.0 0
1759276541879 -1650.0 0
1759276541888 -1650.0 0
1759276541896 -1650.0 0
1759276541904 -1650.0 0
1759276541912 -1650.0 0
1759276541920 -1650.0 0
1759276541928 -1650.0 0
1759276541937 -1650.0 0
1759276541945 -1650.0 0
1759276541953 -1650.0 0
1759276541961 -1650.0 0
1759276542214 -1200.0 0
