1759276541265 10.0 0
1759276541317 10.0 0
1759276541325 66.0 0
1759276541333 66.0 0
1759276541341 65.0 0
1759276541348 65.0 0
1759276541356 61.0 0
1759276541364 58.0 0
1759276541372 57.0 0
1759276541381 57.0 0
1759276541389 56.0 0
1759276541397 56.0 0
1759276541405 56.0 0
1759276541414 56.0 0
1759276541421 55.0 0
1759276541429 54.0 0
1759276541437 53.0 0
1759276541444 51.0 0
1759276541452 51.0 0
1759276541460 50.0 0
1759276541468 48.0 0
1759276541476 46.0 0
1759276541484 43.0 0
1759276541492 40.0 0
1759276541500 40.0 0
1759276541508 40.0 0
1759276541516 38.0 0
1759276541524 37.0 0
1759276541531 36.0 0
1759276541539 35.0 0
1759276541547 33.0 0
1759276541555 33.0 0
1759276541562 31.0 0
1759276541570 30.0 0
1759276541578 29.0 0
1759276541586 29.0 0
1759276541595 28.0 0
1759276541602 27.0 0
1759276541611 23.0 0
1759276541618 21.0 0
1759276541626 16.0 0
1759276541634 12.0 0
1759276541642 10.0 0
1759276541650 8.0 0
1759276541658 7.0 0
1759276541666 7.0 0
1759276541674 4.0 0
1759276541682 4.0 0
1759276541691 4.0 0
1759276541699 4.0 0
1759276541708 4.0 0
1759276541716 1.0 0
1759276541724 1.0 0
1759276541732 1.0 0
1759276541740 1.0 0
1759276541748 0.0 0
1759276541756 0.0 0
1759276541764 0.0 0
1759276541772 0.0 0
1759276541781 0.0 0
1759276541789 0.0 0
1759276541797 0.0 0
1759276541805 0.0 0
1759276541813 0.0 0
1759276541821 0.0 0
1759276541830 0.0 0
1759276541838 0.0 0
1759276541846 0.0 0
1759276541854 0.0 0
1759276541862 0.0 0
1759276541871 0.0 0
1759276541879 0.0 0
1759276541888 0.0 0
1759276541896 0.0 0
1759276541904 0.0 0
1759276541912 0.0 0
1759276541920 0.0 0
1759276541928 0.0 0
1759276541937 0.0 0
1759276541945 0.0 0
1759276541953 0.0 0
1759276541961 0.0 0
1759276542207 10.0 0
1759276542214 10.0 0
