1759276541265 113.0 0
1759276541317 113.0 0
1759276541325 0.0 0
1759276541333 1.0 0
1759276541341 5.0 0
1759276541348 11.0 0
1759276541356 22.0 0
1759276541364 33.0 0
1759276541372 47.0 0
1759276541381 49.0 0
1759276541389 56.0 0
1759276541397 57.0 0
1759276541405 59.0 0
1759276541414 60.0 0
1759276541421 62.0 0
1759276541429 66.0 0
1759276541437 72.0 0
1759276541444 75.0 0
1759276541452 76.0 0
1759276541460 78.0 0
1759276541468 83.0 0
1759276541476 90.0 0
1759276541484 96.0 0
1759276541492 101.0 0
1759276541500 101.0 0
1759276541508 102.0 0
1759276541516 104.0 0
1759276541524 106.0 0
1759276541531 106.0 0
1759276541539 107.0 0
1759276541547 109.0 0
1759276541555 109.0 0
1759276541562 110.0 0
1759276541570 110.0 0
1759276541578 111.0 0
1759276541586 111.0 0
1759276541595 111.0 0
1759276541602 112.0 0
1759276541611 112.0 0
1759276541618 113.0 0
1759276541626 113.0 0
1759276541634 113.0 0
1759276541642 113.0 0
1759276541650 113.0 0
1759276541658 113.0 0
1759276541666 113.0 0
1759276541674 113.0 0
1759276541682 113.0 0
1759276541691 113.0 0
1759276541699 113.0 0
1759276541708 113.0 0
1759276541716 113.0 0
1759276541724 113.0 0
1759276541732 113.0 0
1759276541740 113.0 0
1759276541748 113.0 0
1759276541756 113.0 0
1759276541764 113.0 0
1759276541772 113.0 0
1759276541781 113.0 0
1759276541789 113.0 0
1759276541797 113.0 0
1759276541805 113.0 0
1759276541813 113.0 0
1759276541821 113.0 0
1759276541830 113.0 0
1759276541838 113.0 0
1759276541846 113.0 0
1759276541854 113.0 0
1759276541862 113.0 0
1759276541871 113.0 0
1759276541879 113.0 0
1759276541888 113.0 0
1759276541896 113.0 0
1759276541904 113.0 0
1759276541912 113.0 0
1759276541920 113.0 0
1759276541928 113.0 0
1759276541937 113.0 0
1759276541945 113.0 0
1759276541953 113.0 0
1759276541961 113.0 0
1759276542207 113.0 0
1759276542214 113.0 0
