1759276541317 -6.70391061452514 0
1759276541325 1.0614525139664805 0
1759276541333 1.1173184357541899 0
1759276541341 1.089385474860335 0
1759276541348 1.4245810055865922 0
1759276541356 1.0335195530726258 0
1759276541364 0.8938547486033519 0
1759276541372 1.4245810055865922 0
1759276541381 1.5363128491620113 0
1759276541389 1.675977653631285 0
1759276541397 1.7318435754189945 0
1759276541405 1.8435754189944134 0
1759276541414 1.899441340782123 0
1759276541421 1.7597765363128492 0
1759276541429 1.7318435754189945 0
1759276541437 1.8156424581005586 0
1759276541444 1.4804469273743017 0
1759276541452 1.5363128491620113 0
1759276541460 1.3966480446927374 0
1759276541468 1.1731843575418994 0
1759276541476 1.0614525139664805 0
1759276541484 0.6424581005586593 0
1759276541492 0.16759776536312848 0
1759276541500 0.16759776536312848 0
1759276541508 0.22346368715083798 0
1759276541516 -0.16759776536312848 0
1759276541524 -0.30726256983240224 0
1759276541531 -0.5586592178770949 0
1759276541539 -0.7541899441340782 0
1759276541547 -1.1452513966480447 0
1759276541555 -1.1452513966480447 0
1759276541562 -1.5921787709497206 0
1759276541570 -1.8435754189944134 0
1759276541578 -2.0391061452513966 0
1759276541586 -2.0391061452513966 0
1759276541595 -2.2905027932960893 0
1759276541602 -2.4860335195530725 0
1759276541611 -3.4916201117318435 0
1759276541618 -3.9385474860335195 0
1759276541626 -5.195530726256983 0
1759276541634 -6.201117318435754 0
1759276541642 -6.70391061452514 0
1759276541650 -7.206703910614525 0
1759276541658 -7.4581005586592175 0
1759276541666 -7.4581005586592175 0
1759276541674 -8.212290502793296 0
1759276541682 -8.212290502793296 0
1759276541691 -8.212290502793296 0
1759276541699 -8.212290502793296 0
1759276541708 -8.212290502793296 0
1759276541716 -8.966480446927374 0
1759276541724 -8.966480446927374 0
1759276541732 -8.966480446927374 0
1759276541740 -8.966480446927374 0
1759276541748 -9.217877094972067 0
1759276541756 -9.217877094972067 0
1759276541764 -9.217877094972067 0
1759276541772 -9.217877094972067 0
1759276541781 -9.217877094972067 0
1759276541789 -9.217877094972067 0
1759276541797 -9.217877094972067 0
1759276541805 -9.217877094972067 0
1759276541813 -9.217877094972067 0
1759276541821 -9.217877094972067 0
1759276541830 -9.217877094972067 0
1759276541838 -9.217877094972067 0
1759276541846 -9.217877094972067 0
1759276541854 -9.217877094972067 0
1759276541862 -9.217877094972067 0
1759276541871 -9.217877094972067 0
1759276541879 -9.217877094972067 0
1759276541888 -9.217877094972067 0
1759276541896 -9.217877094972067 0
1759276541904 -9.217877094972067 0
1759276541912 -9.217877094972067 0
1759276541920 -9.217877094972067 0
1759276541928 -9.217877094972067 0
1759276541937 -9.217877094972067 0
1759276541945 -9.217877094972067 0
1759276541953 -9.217877094972067 0
1759276541961 -9.217877094972067 0
1759276542214 -6.70391061452514 0
