1759270087313 0.0 0
1759270087365 0.0 0
1759270087374 113.0 0
1759270087382 113.0 0
1759270087389 113.0 0
1759270087397 113.0 0
1759270087405 113.0 0
1759270087413 113.0 0
1759270087422 113.0 0
1759270087430 113.0 0
1759270087438 112.0 0
1759270087446 85.0 0
1759270087454 77.0 0
1759270087461 70.0 0
1759270087469 59.0 0
1759270087477 58.0 0
1759270087484 56.0 0
1759270087492 53.0 0
1759270087500 35.0 0
1759270087507 25.0 0
1759270087515 22.0 0
1759270087523 19.0 0
1759270087532 17.0 0
1759270087539 15.0 0
1759270087547 13.0 0
1759270087555 11.0 0
1759270087563 9.0 0
1759270087571 9.0 0
1759270087578 8.0 0
1759270087586 8.0 0
1759270087594 7.0 0
1759270087602 5.0 0
1759270087610 2.0 0
1759270087618 2.0 0
1759270087626 2.0 0
1759270087634 1.0 0
1759270087643 1.0 0
1759270087651 0.0 0
1759270087658 0.0 0
1759270087666 0.0 0
1759270087674 0.0 0
1759270087682 0.0 0
1759270087690 0.0 0
1759270087698 0.0 0
1759270087706 0.0 0
1759270087713 0.0 0
1759270087722 0.0 0
1759270087730 0.0 0
1759270087738 0.0 0
1759270087746 0.0 0
1759270087753 0.0 0
1759270087761 0.0 0
1759270087769 0.0 0
1759270087777 0.0 0
1759270087785 0.0 0
1759270087793 0.0 0
1759270087801 0.0 0
1759270087809 0.0 0
1759270087817 0.0 0
1759270087825 0.0 0
1759270087833 0.0 0
1759270087841 0.0 0
1759270087849 0.0 0
1759270087857 0.0 0
1759270087865 0.0 0
1759270087873 0.0 0
1759270087881 0.0 0
1759270087889 0.0 0
1759270087897 0.0 0
1759270087906 0.0 0
1759270087914 0.0 0
1759270087923 0.0 0
1759270087931 0.0 0
1759270087939 0.0 0
1759270087948 0.0 0
1759270087956 0.0 0
1759270087964 0.0 0
1759270087972 0.0 0
1759270087980 0.0 0
1759270087988 0.0 0
1759270087996 0.0 0
1759270088004 0.0 0
1759270088253 0.0 0
1759270088260 0.0 0
