1759270087313 64.0 0
1759270087365 64.0 0
1759270087374 0.0 0
1759270087382 0.0 0
1759270087389 0.0 0
1759270087397 0.0 0
1759270087405 0.0 0
1759270087413 0.0 0
1759270087422 0.0 0
1759270087430 0.0 0
1759270087438 0.0 0
1759270087446 5.0 0
1759270087454 7.0 0
1759270087461 9.0 0
1759270087469 10.0 0
1759270087477 11.0 0
1759270087484 13.0 0
1759270087492 14.0 0
1759270087500 17.0 0
1759270087507 20.0 0
1759270087515 20.0 0
1759270087523 23.0 0
1759270087532 24.0 0
1759270087539 28.0 0
1759270087547 30.0 0
1759270087555 31.0 0
1759270087563 33.0 0
1759270087571 34.0 0
1759270087578 34.0 0
1759270087586 34.0 0
1759270087594 35.0 0
1759270087602 37.0 0
1759270087610 38.0 0
1759270087618 41.0 0
1759270087626 42.0 0
1759270087634 43.0 0
1759270087643 46.0 0
1759270087651 51.0 0
1759270087658 52.0 0
1759270087666 55.0 0
1759270087674 62.0 0
1759270087682 63.0 0
1759270087690 64.0 0
1759270087698 64.0 0
1759270087706 64.0 0
1759270087713 65.0 0
1759270087722 66.0 0
1759270087730 66.0 0
1759270087738 66.0 0
1759270087746 66.0 0
1759270087753 66.0 0
1759270087761 66.0 0
1759270087769 66.0 0
1759270087777 66.0 0
1759270087785 66.0 0
1759270087793 66.0 0
1759270087801 66.0 0
1759270087809 66.0 0
1759270087817 66.0 0
1759270087825 66.0 0
1759270087833 66.0 0
1759270087841 66.0 0
1759270087849 66.0 0
1759270087857 66.0 0
1759270087865 66.0 0
1759270087873 66.0 0
1759270087881 66.0 0
1759270087889 66.0 0
1759270087897 66.0 0
1759270087906 66.0 0
1759270087914 66.0 0
1759270087923 66.0 0
1759270087931 66.0 0
1759270087939 66.0 0
1759270087948 66.0 0
1759270087956 66.0 0
1759270087964 66.0 0
1759270087972 66.0 0
1759270087980 66.0 0
1759270087988 66.0 0
1759270087996 66.0 0
1759270088004 66.0 0
1759270088253 64.0 0
1759270088260 64.0 0
