1759270087365 -1560.0 0
1759270087374 190.0 0
1759270087382 190.0 0
1759270087389 190.0 0
1759270087397 190.0 0
1759270087405 190.0 0
1759270087413 190.0 0
1759270087422 190.0 0
1759270087430 190.0 0
1759270087438 200.0 0
1759270087446 245.0 0
1759270087454 235.0 0
1759270087461 215.0 0
1759270087469 280.0 0
1759270087477 245.0 0
1759270087484 175.0 0
1759270087492 160.0 0
1759270087500 205.0 0
1759270087507 170.0 0
1759270087515 200.0 0
1759270087523 95.0 0
1759270087532 70.0 0
1759270087539 -90.0 0
1759270087547 -160.0 0
1759270087555 -185.0 0
1759270087563 -255.0 0
1759270087571 -300.0 0
1759270087578 -290.0 0
1759270087586 -290.0 0
1759270087594 -325.0 0
1759270087602 -395.0 0
1759270087610 -410.0 0
1759270087618 -545.0 0
1759270087626 -590.0 0
1759270087634 -625.0 0
1759270087643 -760.0 0
1759270087651 -975.0 0
1759270087658 -1020.0 0
1759270087666 -1155.0 0
1759270087674 -1470.0 0
1759270087682 -1515.0 0
1759270087690 -1560.0 0
1759270087698 -1560.0 0
1759270087706 -1560.0 0
1759270087713 -1605.0 0
1759270087722 -1650.0 0
1759270087730 -1650.0 0
1759270087738 -1650.0 0
1759270087746 -1650.0 0
1759270087753 -1650.0 0
1759270087761 -1650.0 0
1759270087769 -1650.0 0
1759270087777 -1650.0 0
1759270087785 -1650.0 0
1759270087793 -1650.0 0
1759270087801 -1650.0 0
1759270087809 -1650.0 0
1759270087817 -1650.0 0
1759270087825 -1650.0 0
1759270087833 -1650.0 0
1759270087841 -1650.0 0
1759270087849 -1650.0 0
1759270087857 -1650.0 0
1759270087865 -1650.0 0
1759270087873 -1650.0 0
1759270087881 -1650.0 0
1759270087889 -1650.0 0
1759270087897 -1650.0 0
1759270087906 -1650.0 0
1759270087914 -1650.0 0
1759270087923 -1650.0 0
1759270087931 -1650.0 0
1759270087939 -1650.0 0
1759270087948 -1650.0 0
1759270087956 -1650.0 0
1759270087964 -1650.0 0
1759270087972 -1650.0 0
1759270087980 -1650.0 0
1759270087988 -1650.0 0
1759270087996 -1650.0 0
1759270088004 -1650.0 0
1759270088260 -1560.0 0
