1759270087313 113.0 0
1759270087365 113.0 0
1759270087374 0.0 0
1759270087382 0.0 0
1759270087389 0.0 0
1759270087397 0.0 0
1759270087405 0.0 0
1759270087413 0.0 0
1759270087422 0.0 0
1759270087430 0.0 0
1759270087438 1.0 0
1759270087446 28.0 0
1759270087454 36.0 0
1759270087461 43.0 0
1759270087469 54.0 0
1759270087477 55.0 0
1759270087484 57.0 0
1759270087492 60.0 0
1759270087500 78.0 0
1759270087507 88.0 0
1759270087515 91.0 0
1759270087523 94.0 0
1759270087532 96.0 0
1759270087539 98.0 0
1759270087547 100.0 0
1759270087555 102.0 0
1759270087563 104.0 0
1759270087571 104.0 0
1759270087578 105.0 0
1759270087586 105.0 0
1759270087594 106.0 0
1759270087602 108.0 0
1759270087610 111.0 0
1759270087618 111.0 0
1759270087626 111.0 0
1759270087634 112.0 0
1759270087643 112.0 0
1759270087651 113.0 0
1759270087658 113.0 0
1759270087666 113.0 0
1759270087674 113.0 0
1759270087682 113.0 0
1759270087690 113.0 0
1759270087698 113.0 0
1759270087706 113.0 0
1759270087713 113.0 0
1759270087722 113.0 0
1759270087730 113.0 0
1759270087738 113.0 0
1759270087746 113.0 0
1759270087753 113.0 0
1759270087761 113.0 0
1759270087769 113.0 0
1759270087777 113.0 0
1759270087785 113.0 0
1759270087793 113.0 0
1759270087801 113.0 0
1759270087809 113.0 0
1759270087817 113.0 0
1759270087825 113.0 0
1759270087833 113.0 0
1759270087841 113.0 0
1759270087849 113.0 0
1759270087857 113.0 0
1759270087865 113.0 0
1759270087873 113.0 0
1759270087881 113.0 0
1759270087889 113.0 0
1759270087897 113.0 0
1759270087906 113.0 0
1759270087914 113.0 0
1759270087923 113.0 0
1759270087931 113.0 0
1759270087939 113.0 0
1759270087948 113.0 0
1759270087956 113.0 0
1759270087964 113.0 0
1759270087972 113.0 0
1759270087980 113.0 0
1759270087988 113.0 0
1759270087996 113.0 0
1759270088004 113.0 0
1759270088253 113.0 0
1759270088260 113.0 0
