1759270087313 2.0 0
1759270087365 2.0 0
1759270087374 66.0 0
1759270087382 66.0 0
1759270087389 66.0 0
1759270087397 66.0 0
1759270087405 66.0 0
1759270087413 66.0 0
1759270087422 66.0 0
1759270087430 66.0 0
1759270087438 66.0 0
1759270087446 61.0 0
1759270087454 59.0 0
1759270087461 57.0 0
1759270087469 56.0 0
1759270087477 55.0 0
1759270087484 53.0 0
1759270087492 52.0 0
1759270087500 49.0 0
1759270087507 46.0 0
1759270087515 46.0 0
1759270087523 43.0 0
1759270087532 42.0 0
1759270087539 38.0 0
1759270087547 36.0 0
1759270087555 35.0 0
1759270087563 33.0 0
1759270087571 32.0 0
1759270087578 32.0 0
1759270087586 32.0 0
1759270087594 31.0 0
1759270087602 29.0 0
1759270087610 28.0 0
1759270087618 25.0 0
1759270087626 24.0 0
1759270087634 23.0 0
1759270087643 20.0 0
1759270087651 15.0 0
1759270087658 14.0 0
1759270087666 11.0 0
1759270087674 4.0 0
1759270087682 3.0 0
1759270087690 2.0 0
1759270087698 2.0 0
1759270087706 2.0 0
1759270087713 1.0 0
1759270087722 0.0 0
1759270087730 0.0 0
1759270087738 0.0 0
1759270087746 0.0 0
1759270087753 0.0 0
1759270087761 0.0 0
1759270087769 0.0 0
1759270087777 0.0 0
1759270087785 0.0 0
1759270087793 0.0 0
1759270087801 0.0 0
1759270087809 0.0 0
1759270087817 0.0 0
1759270087825 0.0 0
1759270087833 0.0 0
1759270087841 0.0 0
1759270087849 0.0 0
1759270087857 0.0 0
1759270087865 0.0 0
1759270087873 0.0 0
1759270087881 0.0 0
1759270087889 0.0 0
1759270087897 0.0 0
1759270087906 0.0 0
1759270087914 0.0 0
1759270087923 0.0 0
1759270087931 0.0 0
1759270087939 0.0 0
1759270087948 0.0 0
1759270087956 0.0 0
1759270087964 0.0 0
1759270087972 0.0 0
1759270087980 0.0 0
1759270087988 0.0 0
1759270087996 0.0 0
1759270088004 0.0 0
1759270088253 2.0 0
1759270088260 2.0 0
