1759270087365 -8.71508379888268 0
1759270087374 1.0614525139664805 0
1759270087382 1.0614525139664805 0
1759270087389 1.0614525139664805 0
1759270087397 1.0614525139664805 0
1759270087405 1.0614525139664805 0
1759270087413 1.0614525139664805 0
1759270087422 1.0614525139664805 0
1759270087430 1.0614525139664805 0
1759270087438 1.1173184357541899 0
1759270087446 1.3687150837988826 0
1759270087454 1.312849162011173 0
1759270087461 1.2011173184357542 0
1759270087469 1.5642458100558658 0
1759270087477 1.3687150837988826 0
1759270087484 0.9776536312849162 0
1759270087492 0.8938547486033519 0
1759270087500 1.1452513966480447 0
1759270087507 0.9497206703910615 0
1759270087515 1.1173184357541899 0
1759270087523 0.5307262569832403 0
1759270087532 0.39106145251396646 0
1759270087539 -0.5027932960893855 0
1759270087547 -0.8938547486033519 0
1759270087555 -1.0335195530726258 0
1759270087563 -1.4245810055865922 0
1759270087571 -1.675977653631285 0
1759270087578 -1.6201117318435754 0
1759270087586 -1.6201117318435754 0
1759270087594 -1.8156424581005586 0
1759270087602 -2.206703910614525 0
1759270087610 -2.2905027932960893 0
1759270087618 -3.0446927374301676 0
1759270087626 -3.2960893854748603 0
1759270087634 -3.4916201117318435 0
1759270087643 -4.245810055865922 0
1759270087651 -5.446927374301676 0
1759270087658 -5.698324022346369 0
1759270087666 -6.4525139664804465 0
1759270087674 -8.212290502793296 0
1759270087682 -8.46368715083799 0
1759270087690 -8.71508379888268 0
1759270087698 -8.71508379888268 0
1759270087706 -8.71508379888268 0
1759270087713 -8.966480446927374 0
1759270087722 -9.217877094972067 0
1759270087730 -9.217877094972067 0
1759270087738 -9.217877094972067 0
1759270087746 -9.217877094972067 0
1759270087753 -9.217877094972067 0
1759270087761 -9.217877094972067 0
1759270087769 -9.217877094972067 0
1759270087777 -9.217877094972067 0
1759270087785 -9.217877094972067 0
1759270087793 -9.217877094972067 0
1759270087801 -9.217877094972067 0
1759270087809 -9.217877094972067 0
1759270087817 -9.217877094972067 0
1759270087825 -9.217877094972067 0
1759270087833 -9.217877094972067 0
1759270087841 -9.217877094972067 0
1759270087849 -9.217877094972067 0
1759270087857 -9.217877094972067 0
1759270087865 -9.217877094972067 0
1759270087873 -9.217877094972067 0
1759270087881 -9.217877094972067 0
1759270087889 -9.217877094972067 0
1759270087897 -9.217877094972067 0
1759270087906 -9.217877094972067 0
1759270087914 -9.217877094972067 0
1759270087923 -9.217877094972067 0
1759270087931 -9.217877094972067 0
1759270087939 -9.217877094972067 0
1759270087948 -9.217877094972067 0
1759270087956 -9.217877094972067 0
1759270087964 -9.217877094972067 0
1759270087972 -9.217877094972067 0
1759270087980 -9.217877094972067 0
1759270087988 -9.217877094972067 0
1759270087996 -9.217877094972067 0
1759270088004 -9.217877094972067 0
1759270088260 -8.71508379888268 0
