1759276484154 38.0 0
1759276484205 38.0 0
1759276484214 0.0 0
1759276484222 0.0 0
1759276484230 0.0 0
1759276484238 0.0 0
1759276484246 2.0 0
1759276484254 2.0 0
1759276484264 3.0 0
1759276484272 3.0 0
1759276484280 5.0 0
1759276484287 7.0 0
1759276484295 7.0 0
1759276484303 7.0 0
1759276484311 12.0 0
1759276484318 15.0 0
1759276484326 15.0 0
1759276484334 16.0 0
1759276484342 16.0 0
1759276484350 18.0 0
1759276484358 18.0 0
1759276484367 18.0 0
1759276484375 18.0 0
1759276484383 19.0 0
1759276484391 19.0 0
1759276484398 21.0 0
1759276484406 22.0 0
1759276484414 22.0 0
1759276484422 22.0 0
1759276484430 24.0 0
1759276484438 24.0 0
1759276484446 29.0 0
1759276484454 31.0 0
1759276484462 31.0 0
1759276484471 31.0 0
1759276484479 33.0 0
1759276484487 35.0 0
1759276484495 35.0 0
1759276484504 37.0 0
1759276484512 38.0 0
1759276484520 38.0 0
1759276484528 38.0 0
1759276484536 38.0 0
1759276484544 41.0 0
1759276484552 43.0 0
1759276484560 45.0 0
1759276484569 47.0 0
1759276484577 49.0 0
1759276484585 50.0 0
1759276484593 52.0 0
1759276484601 56.0 0
1759276484609 57.0 0
1759276484618 58.0 0
1759276484627 60.0 0
1759276484635 62.0 0
1759276484644 62.0 0
1759276484652 62.0 0
1759276484661 63.0 0
1759276484669 63.0 0
1759276484677 63.0 0
1759276484686 63.0 0
1759276484694 64.0 0
1759276484702 64.0 0
1759276484710 64.0 0
1759276484718 65.0 0
1759276484727 65.0 0
1759276484735 65.0 0
1759276484743 66.0 0
1759276484751 66.0 0
1759276484760 66.0 0
1759276484769 66.0 0
1759276484777 66.0 0
1759276484786 66.0 0
1759276484794 66.0 0
1759276484803 66.0 0
1759276484811 66.0 0
1759276484819 66.0 0
1759276484828 66.0 0
1759276484836 66.0 0
1759276484844 66.0 0
1759276484853 66.0 0
1759276484861 66.0 0
1759276485108 38.0 0
1759276485116 38.0 0
