1759276484154 4.0 0
1759276484205 4.0 0
1759276484214 113.0 0
1759276484222 112.0 0
1759276484230 112.0 0
1759276484238 110.0 0
1759276484246 107.0 0
1759276484254 101.0 0
1759276484264 96.0 0
1759276484272 93.0 0
1759276484280 91.0 0
1759276484287 80.0 0
1759276484295 68.0 0
1759276484303 63.0 0
1759276484311 58.0 0
1759276484318 51.0 0
1759276484326 45.0 0
1759276484334 40.0 0
1759276484342 36.0 0
1759276484350 33.0 0
1759276484358 32.0 0
1759276484367 32.0 0
1759276484375 30.0 0
1759276484383 28.0 0
1759276484391 25.0 0
1759276484398 19.0 0
1759276484406 19.0 0
1759276484414 19.0 0
1759276484422 19.0 0
1759276484430 16.0 0
1759276484438 14.0 0
1759276484446 9.0 0
1759276484454 8.0 0
1759276484462 8.0 0
1759276484471 8.0 0
1759276484479 7.0 0
1759276484487 6.0 0
1759276484495 5.0 0
1759276484504 5.0 0
1759276484512 5.0 0
1759276484520 5.0 0
1759276484528 5.0 0
1759276484536 4.0 0
1759276484544 4.0 0
1759276484552 4.0 0
1759276484560 2.0 0
1759276484569 1.0 0
1759276484577 0.0 0
1759276484585 0.0 0
1759276484593 0.0 0
1759276484601 0.0 0
1759276484609 0.0 0
1759276484618 0.0 0
1759276484627 0.0 0
1759276484635 0.0 0
1759276484644 0.0 0
1759276484652 0.0 0
1759276484661 0.0 0
1759276484669 0.0 0
1759276484677 0.0 0
1759276484686 0.0 0
1759276484694 0.0 0
1759276484702 0.0 0
1759276484710 0.0 0
1759276484718 0.0 0
1759276484727 0.0 0
1759276484735 0.0 0
1759276484743 0.0 0
1759276484751 0.0 0
1759276484760 0.0 0
1759276484769 0.0 0
1759276484777 0.0 0
1759276484786 0.0 0
1759276484794 0.0 0
1759276484803 0.0 0
1759276484811 0.0 0
1759276484819 0.0 0
1759276484828 0.0 0
1759276484836 0.0 0
1759276484844 0.0 0
1759276484853 0.0 0
1759276484861 0.0 0
1759276485108 4.0 0
1759276485116 4.0 0
