1759276484205 -430.0 0
1759276484214 190.0 0
1759276484222 200.0 0
1759276484230 200.0 0
1759276484238 220.0 0
1759276484246 160.0 0
1759276484254 220.0 0
1759276484264 225.0 0
1759276484272 255.0 0
1759276484280 185.0 0
1759276484287 205.0 0
1759276484295 325.0 0
1759276484303 375.0 0
1759276484311 200.0 0
1759276484318 135.0 0
1759276484326 195.0 0
1759276484334 200.0 0
1759276484342 240.0 0
1759276484350 180.0 0
1759276484358 190.0 0
1759276484367 190.0 0
1759276484375 210.0 0
1759276484383 185.0 0
1759276484391 215.0 0
1759276484398 185.0 0
1759276484406 140.0 0
1759276484414 140.0 0
1759276484422 140.0 0
1759276484430 80.0 0
1759276484438 100.0 0
1759276484446 -75.0 0
1759276484454 -155.0 0
1759276484462 -155.0 0
1759276484471 -155.0 0
1759276484479 -235.0 0
1759276484487 -315.0 0
1759276484495 -305.0 0
1759276484504 -395.0 0
1759276484512 -440.0 0
1759276484520 -440.0 0
1759276484528 -440.0 0
1759276484536 -430.0 0
1759276484544 -565.0 0
1759276484552 -655.0 0
1759276484560 -725.0 0
1759276484569 -805.0 0
1759276484577 -885.0 0
1759276484585 -930.0 0
1759276484593 -1020.0 0
1759276484601 -1200.0 0
1759276484609 -1245.0 0
1759276484618 -1290.0 0
1759276484627 -1380.0 0
1759276484635 -1470.0 0
1759276484644 -1470.0 0
1759276484652 -1470.0 0
1759276484661 -1515.0 0
1759276484669 -1515.0 0
1759276484677 -1515.0 0
1759276484686 -1515.0 0
1759276484694 -1560.0 0
1759276484702 -1560.0 0
1759276484710 -1560.0 0
1759276484718 -1605.0 0
1759276484727 -1605.0 0
1759276484735 -1605.0 0
1759276484743 -1650.0 0
1759276484751 -1650.0 0
1759276484760 -1650.0 0
1759276484769 -1650.0 0
1759276484777 -1650.0 0
1759276484786 -1650.0 0
1759276484794 -1650.0 0
1759276484803 -1650.0 0
1759276484811 -1650.0 0
1759276484819 -1650.0 0
1759276484828 -1650.0 0
1759276484836 -1650.0 0
1759276484844 -1650.0 0
1759276484853 -1650.0 0
1759276484861 -1650.0 0
1759276485116 -430.0 0
