1759276483640 0.6862759940764483 0
1759276483669 0.6081592861343833 1
1759276483697 0.5605124165030086 2
1759276483724 0.5023975372314453 3
1759276483751 0.47156015389105854 4
1759276483779 0.42008567557615395 5
1759276483805 0.41403258022140055 6
1759276483832 0.3783440975581898 7
1759276483860 0.3530595793443568 8
1759276483887 0.3372114791589625 9
1759276483911 0.34680940473780913 10
1759276483935 0.3030788092052235 11
1759276483961 0.30118679123766284 12
1759276483988 0.2685890758738798 13
1759276484012 0.26471271760323467 14
1759276484038 0.2614465347107719 15
1759276484062 0.2470873129718444 16
1759276484087 0.23862122700494878 17
1759276484113 0.22701201456434586 18
1759276484137 0.22498415059903087 19
