1759276484154 28.0 0
1759276484205 28.0 0
1759276484214 66.0 0
1759276484222 66.0 0
1759276484230 66.0 0
1759276484238 66.0 0
1759276484246 64.0 0
1759276484254 64.0 0
1759276484264 63.0 0
1759276484272 63.0 0
1759276484280 61.0 0
1759276484287 59.0 0
1759276484295 59.0 0
1759276484303 59.0 0
1759276484311 54.0 0
1759276484318 51.0 0
1759276484326 51.0 0
1759276484334 50.0 0
1759276484342 50.0 0
1759276484350 48.0 0
1759276484358 48.0 0
1759276484367 48.0 0
1759276484375 48.0 0
1759276484383 47.0 0
1759276484391 47.0 0
1759276484398 45.0 0
1759276484406 44.0 0
1759276484414 44.0 0
1759276484422 44.0 0
1759276484430 42.0 0
1759276484438 42.0 0
1759276484446 37.0 0
1759276484454 35.0 0
1759276484462 35.0 0
1759276484471 35.0 0
1759276484479 33.0 0
1759276484487 31.0 0
1759276484495 31.0 0
1759276484504 29.0 0
1759276484512 28.0 0
1759276484520 28.0 0
1759276484528 28.0 0
1759276484536 28.0 0
1759276484544 25.0 0
1759276484552 23.0 0
1759276484560 21.0 0
1759276484569 19.0 0
1759276484577 17.0 0
1759276484585 16.0 0
1759276484593 14.0 0
1759276484601 10.0 0
1759276484609 9.0 0
1759276484618 8.0 0
1759276484627 6.0 0
1759276484635 4.0 0
1759276484644 4.0 0
1759276484652 4.0 0
1759276484661 3.0 0
1759276484669 3.0 0
1759276484677 3.0 0
1759276484686 3.0 0
1759276484694 2.0 0
1759276484702 2.0 0
1759276484710 2.0 0
1759276484718 1.0 0
1759276484727 1.0 0
1759276484735 1.0 0
1759276484743 0.0 0
1759276484751 0.0 0
1759276484760 0.0 0
1759276484769 0.0 0
1759276484777 0.0 0
1759276484786 0.0 0
1759276484794 0.0 0
1759276484803 0.0 0
1759276484811 0.0 0
1759276484819 0.0 0
1759276484828 0.0 0
1759276484836 0.0 0
1759276484844 0.0 0
1759276484853 0.0 0
1759276484861 0.0 0
1759276485108 28.0 0
1759276485116 28.0 0
