1759276484154 109.0 0
1759276484205 109.0 0
1759276484214 0.0 0
1759276484222 1.0 0
1759276484230 1.0 0
1759276484238 3.0 0
1759276484246 6.0 0
1759276484254 12.0 0
1759276484264 17.0 0
1759276484272 20.0 0
1759276484280 22.0 0
1759276484287 33.0 0
1759276484295 45.0 0
1759276484303 50.0 0
1759276484311 55.0 0
1759276484318 62.0 0
1759276484326 68.0 0
1759276484334 73.0 0
1759276484342 77.0 0
1759276484350 80.0 0
1759276484358 81.0 0
1759276484367 81.0 0
1759276484375 83.0 0
1759276484383 85.0 0
1759276484391 88.0 0
1759276484398 94.0 0
1759276484406 94.0 0
1759276484414 94.0 0
1759276484422 94.0 0
1759276484430 97.0 0
1759276484438 99.0 0
1759276484446 104.0 0
1759276484454 105.0 0
1759276484462 105.0 0
1759276484471 105.0 0
1759276484479 106.0 0
1759276484487 107.0 0
1759276484495 108.0 0
1759276484504 108.0 0
1759276484512 108.0 0
1759276484520 108.0 0
1759276484528 108.0 0
1759276484536 109.0 0
1759276484544 109.0 0
1759276484552 109.0 0
1759276484560 111.0 0
1759276484569 112.0 0
1759276484577 113.0 0
1759276484585 113.0 0
1759276484593 113.0 0
1759276484601 113.0 0
1759276484609 113.0 0
1759276484618 113.0 0
1759276484627 113.0 0
1759276484635 113.0 0
1759276484644 113.0 0
1759276484652 113.0 0
1759276484661 113.0 0
1759276484669 113.0 0
1759276484677 113.0 0
1759276484686 113.0 0
1759276484694 113.0 0
1759276484702 113.0 0
1759276484710 113.0 0
1759276484718 113.0 0
1759276484727 113.0 0
1759276484735 113.0 0
1759276484743 113.0 0
1759276484751 113.0 0
1759276484760 113.0 0
1759276484769 113.0 0
1759276484777 113.0 0
1759276484786 113.0 0
1759276484794 113.0 0
1759276484803 113.0 0
1759276484811 113.0 0
1759276484819 113.0 0
1759276484828 113.0 0
1759276484836 113.0 0
1759276484844 113.0 0
1759276484853 113.0 0
1759276484861 113.0 0
1759276485108 109.0 0
1759276485116 109.0 0
