1759276484205 -2.4022346368715084 0
1759276484214 1.0614525139664805 0
1759276484222 1.1173184357541899 0
1759276484230 1.1173184357541899 0
1759276484238 1.229050279329609 0
1759276484246 0.8938547486033519 0
1759276484254 1.229050279329609 0
1759276484264 1.2569832402234637 0
1759276484272 1.4245810055865922 0
1759276484280 1.0335195530726258 0
1759276484287 1.1452513966480447 0
1759276484295 1.8156424581005586 0
1759276484303 2.094972067039106 0
1759276484311 1.1173184357541899 0
1759276484318 0.7541899441340782 0
1759276484326 1.089385474860335 0
1759276484334 1.1173184357541899 0
1759276484342 1.3407821229050279 0
1759276484350 1.005586592178771 0
1759276484358 1.0614525139664805 0
1759276484367 1.0614525139664805 0
1759276484375 1.1731843575418994 0
1759276484383 1.0335195530726258 0
1759276484391 1.2011173184357542 0
1759276484398 1.0335195530726258 0
1759276484406 0.7821229050279329 0
1759276484414 0.7821229050279329 0
1759276484422 0.7821229050279329 0
1759276484430 0.44692737430167595 0
1759276484438 0.5586592178770949 0
1759276484446 -0.41899441340782123 0
1759276484454 -0.8659217877094972 0
1759276484462 -0.8659217877094972 0
1759276484471 -0.8659217877094972 0
1759276484479 -1.312849162011173 0
1759276484487 -1.7597765363128492 0
1759276484495 -1.7039106145251397 0
1759276484504 -2.206703910614525 0
1759276484512 -2.458100558659218 0
1759276484520 -2.458100558659218 0
1759276484528 -2.458100558659218 0
1759276484536 -2.4022346368715084 0
1759276484544 -3.1564245810055866 0
1759276484552 -3.659217877094972 0
1759276484560 -4.050279329608938 0
1759276484569 -4.4972067039106145 0
1759276484577 -4.944134078212291 0
1759276484585 -5.195530726256983 0
1759276484593 -5.698324022346369 0
1759276484601 -6.70391061452514 0
1759276484609 -6.955307262569832 0
1759276484618 -7.206703910614525 0
1759276484627 -7.709497206703911 0
1759276484635 -8.212290502793296 0
1759276484644 -8.212290502793296 0
1759276484652 -8.212290502793296 0
1759276484661 -8.46368715083799 0
1759276484669 -8.46368715083799 0
1759276484677 -8.46368715083799 0
1759276484686 -8.46368715083799 0
1759276484694 -8.71508379888268 0
1759276484702 -8.71508379888268 0
1759276484710 -8.71508379888268 0
1759276484718 -8.966480446927374 0
1759276484727 -8.966480446927374 0
1759276484735 -8.966480446927374 0
1759276484743 -9.217877094972067 0
1759276484751 -9.217877094972067 0
1759276484760 -9.217877094972067 0
1759276484769 -9.217877094972067 0
1759276484777 -9.217877094972067 0
1759276484786 -9.217877094972067 0
1759276484794 -9.217877094972067 0
1759276484803 -9.217877094972067 0
1759276484811 -9.217877094972067 0
1759276484819 -9.217877094972067 0
1759276484828 -9.217877094972067 0
1759276484836 -9.217877094972067 0
1759276484844 -9.217877094972067 0
1759276484853 -9.217877094972067 0
1759276484861 -9.217877094972067 0
1759276485116 -2.4022346368715084 0
