1759269532694 -1515.0 0
1759269532701 190.0 0
1759269532709 190.0 0
1759269532716 190.0 0
1759269532723 190.0 0
1759269532730 190.0 0
1759269532738 190.0 0
1759269532746 190.0 0
1759269532754 190.0 0
1759269532762 190.0 0
1759269532769 155.0 0
1759269532776 130.0 0
1759269532784 170.0 0
1759269532791 75.0 0
1759269532799 235.0 0
1759269532806 315.0 0
1759269532813 285.0 0
1759269532820 285.0 0
1759269532827 300.0 0
1759269532834 130.0 0
1759269532841 85.0 0
1759269532849 105.0 0
1759269532856 70.0 0
1759269532863 75.0 0
1759269532870 40.0 0
1759269532878 40.0 0
1759269532885 -5.0 0
1759269532892 -55.0 0
1759269532899 -220.0 0
1759269532907 -265.0 0
1759269532914 -245.0 0
1759269532921 -350.0 0
1759269532928 -385.0 0
1759269532935 -645.0 0
1759269532942 -735.0 0
1759269532950 -825.0 0
1759269532958 -870.0 0
1759269532965 -1020.0 0
1759269532972 -1200.0 0
1759269532979 -1335.0 0
1759269532986 -1380.0 0
1759269532993 -1515.0 0
1759269533001 -1515.0 0
1759269533008 -1560.0 0
1759269533015 -1560.0 0
1759269533022 -1560.0 0
1759269533029 -1560.0 0
1759269533036 -1605.0 0
1759269533043 -1605.0 0
1759269533050 -1605.0 0
1759269533058 -1605.0 0
1759269533065 -1605.0 0
1759269533072 -1605.0 0
1759269533079 -1605.0 0
1759269533086 -1605.0 0
1759269533094 -1605.0 0
1759269533101 -1605.0 0
1759269533108 -1650.0 0
1759269533116 -1650.0 0
1759269533123 -1650.0 0
1759269533130 -1650.0 0
1759269533137 -1650.0 0
1759269533145 -1650.0 0
1759269533153 -1650.0 0
1759269533160 -1650.0 0
1759269533167 -1650.0 0
1759269533175 -1650.0 0
1759269533182 -1650.0 0
1759269533189 -1650.0 0
1759269533196 -1650.0 0
1759269533203 -1650.0 0
1759269533211 -1650.0 0
1759269533218 -1650.0 0
1759269533225 -1650.0 0
1759269533233 -1650.0 0
1759269533240 -1650.0 0
1759269533247 -1650.0 0
1759269533254 -1650.0 0
1759269533262 -1650.0 0
1759269533269 -1650.0 0
1759269533276 -1650.0 0
1759269533521 -1515.0 0
