1759279803337 63.0 0
1759279803390 63.0 0
1759279803398 113.0 0
1759279803406 113.0 0
1759279803414 113.0 0
1759279803421 113.0 0
1759279803429 113.0 0
1759279803437 113.0 0
1759279803446 113.0 0
1759279803455 113.0 0
1759279803464 113.0 0
1759279803472 113.0 0
1759279803481 113.0 0
1759279803488 113.0 0
1759279803496 113.0 0
1759279803504 113.0 0
1759279803511 113.0 0
1759279803519 112.0 0
1759279803527 112.0 0
1759279803535 111.0 0
1759279803543 111.0 0
1759279803551 110.0 0
1759279803559 110.0 0
1759279803567 110.0 0
1759279803575 109.0 0
1759279803584 108.0 0
1759279803592 108.0 0
1759279803600 108.0 0
1759279803609 108.0 0
1759279803617 108.0 0
1759279803624 108.0 0
1759279803632 107.0 0
1759279803640 105.0 0
1759279803648 104.0 0
1759279803656 102.0 0
1759279803665 101.0 0
1759279803672 97.0 0
1759279803682 94.0 0
1759279803690 89.0 0
1759279803698 86.0 0
1759279803706 78.0 0
1759279803713 75.0 0
1759279803722 63.0 0
1759279803729 56.0 0
1759279803737 45.0 0
1759279803745 42.0 0
1759279803753 39.0 0
1759279803762 36.0 0
1759279803771 34.0 0
1759279803779 32.0 0
1759279803787 30.0 0
1759279803796 23.0 0
1759279803804 18.0 0
1759279803812 12.0 0
1759279803821 10.0 0
1759279803829 8.0 0
1759279803837 5.0 0
1759279803845 5.0 0
1759279803854 4.0 0
1759279803862 1.0 0
1759279803871 1.0 0
1759279803879 1.0 0
1759279803888 0.0 0
1759279803895 0.0 0
1759279803905 0.0 0
1759279803913 0.0 0
1759279803921 0.0 0
1759279803930 0.0 0
1759279803938 0.0 0
1759279803946 0.0 0
1759279803954 0.0 0
1759279803963 0.0 0
1759279803971 0.0 0
1759279803980 0.0 0
1759279803988 0.0 0
1759279803996 0.0 0
1759279804004 0.0 0
1759279804013 0.0 0
1759279804021 0.0 0
1759279804029 0.0 0
1759279804037 0.0 0
1759279804045 0.0 0
1759279804316 63.0 0
1759279804324 63.0 0
