1759279803337 26.0 0
1759279803390 26.0 0
1759279803398 0.0 0
1759279803406 0.0 0
1759279803414 0.0 0
1759279803421 0.0 0
1759279803429 0.0 0
1759279803437 0.0 0
1759279803446 0.0 0
1759279803455 1.0 0
1759279803464 1.0 0
1759279803472 1.0 0
1759279803481 1.0 0
1759279803488 1.0 0
1759279803496 1.0 0
1759279803504 1.0 0
1759279803511 1.0 0
1759279803519 1.0 0
1759279803527 1.0 0
1759279803535 1.0 0
1759279803543 1.0 0
1759279803551 1.0 0
1759279803559 1.0 0
1759279803567 1.0 0
1759279803575 1.0 0
1759279803584 1.0 0
1759279803592 2.0 0
1759279803600 3.0 0
1759279803609 6.0 0
1759279803617 7.0 0
1759279803624 7.0 0
1759279803632 7.0 0
1759279803640 7.0 0
1759279803648 7.0 0
1759279803656 9.0 0
1759279803665 12.0 0
1759279803672 12.0 0
1759279803682 13.0 0
1759279803690 15.0 0
1759279803698 18.0 0
1759279803706 18.0 0
1759279803713 24.0 0
1759279803722 26.0 0
1759279803729 30.0 0
1759279803737 31.0 0
1759279803745 36.0 0
1759279803753 37.0 0
1759279803762 39.0 0
1759279803771 40.0 0
1759279803779 41.0 0
1759279803787 43.0 0
1759279803796 47.0 0
1759279803804 48.0 0
1759279803812 50.0 0
1759279803821 55.0 0
1759279803829 56.0 0
1759279803837 56.0 0
1759279803845 58.0 0
1759279803854 60.0 0
1759279803862 62.0 0
1759279803871 63.0 0
1759279803879 63.0 0
1759279803888 65.0 0
1759279803895 65.0 0
1759279803905 65.0 0
1759279803913 66.0 0
1759279803921 66.0 0
1759279803930 66.0 0
1759279803938 66.0 0
1759279803946 66.0 0
1759279803954 66.0 0
1759279803963 66.0 0
1759279803971 66.0 0
1759279803980 66.0 0
1759279803988 66.0 0
1759279803996 66.0 0
1759279804004 66.0 0
1759279804013 66.0 0
1759279804021 66.0 0
1759279804029 66.0 0
1759279804037 66.0 0
1759279804045 66.0 0
1759279804316 26.0 0
1759279804324 26.0 0
