1759279803390 -480.0 0
1759279803398 190.0 0
1759279803406 190.0 0
1759279803414 190.0 0
1759279803421 190.0 0
1759279803429 190.0 0
1759279803437 190.0 0
1759279803446 190.0 0
1759279803455 145.0 0
1759279803464 145.0 0
1759279803472 145.0 0
1759279803481 145.0 0
1759279803488 145.0 0
1759279803496 145.0 0
1759279803504 145.0 0
1759279803511 145.0 0
1759279803519 155.0 0
1759279803527 155.0 0
1759279803535 165.0 0
1759279803543 165.0 0
1759279803551 175.0 0
1759279803559 175.0 0
1759279803567 175.0 0
1759279803575 185.0 0
1759279803584 195.0 0
1759279803592 150.0 0
1759279803600 105.0 0
1759279803609 -30.0 0
1759279803617 -75.0 0
1759279803624 -75.0 0
1759279803632 -65.0 0
1759279803640 -45.0 0
1759279803648 -35.0 0
1759279803656 -105.0 0
1759279803665 -230.0 0
1759279803672 -190.0 0
1759279803682 -205.0 0
1759279803690 -245.0 0
1759279803698 -350.0 0
1759279803706 -270.0 0
1759279803713 -510.0 0
1759279803722 -480.0 0
1759279803729 -590.0 0
1759279803737 -525.0 0
1759279803745 -720.0 0
1759279803753 -735.0 0
1759279803762 -795.0 0
1759279803771 -820.0 0
1759279803779 -845.0 0
1759279803787 -915.0 0
1759279803796 -1025.0 0
1759279803804 -1020.0 0
1759279803812 -1050.0 0
1759279803821 -1255.0 0
1759279803829 -1280.0 0
1759279803837 -1250.0 0
1759279803845 -1340.0 0
1759279803854 -1420.0 0
1759279803862 -1480.0 0
1759279803871 -1525.0 0
1759279803879 -1525.0 0
1759279803888 -1605.0 0
1759279803895 -1605.0 0
1759279803905 -1605.0 0
1759279803913 -1650.0 0
1759279803921 -1650.0 0
1759279803930 -1650.0 0
1759279803938 -1650.0 0
1759279803946 -1650.0 0
1759279803954 -1650.0 0
1759279803963 -1650.0 0
1759279803971 -1650.0 0
1759279803980 -1650.0 0
1759279803988 -1650.0 0
1759279803996 -1650.0 0
1759279804004 -1650.0 0
1759279804013 -1650.0 0
1759279804021 -1650.0 0
1759279804029 -1650.0 0
1759279804037 -1650.0 0
1759279804045 -1650.0 0
1759279804324 -480.0 0
