1759279802846 0.8692055905566496 0
1759279802857 0.8662485059569863 1
1759279802867 0.8601923549876493 2
1759279802876 0.8580533020636615 3
1759279802886 0.852722588707419 4
1759279802895 0.849143526133369 5
1759279802905 0.8447225409395555 6
1759279802914 0.8409632128827712 7
1759279802923 0.8390079035478479 8
1759279802933 0.8336781929521 9
1759279802942 0.8300726098172805 10
1759279802952 0.8237807224778568 11
1759279802962 0.8239551326807808 12
1759279802971 0.8186937605633455 13
1759279802982 0.8153628917301402 14
1759279802991 0.8097841353977427 15
1759279803002 0.8083010911941528 16
1759279803011 0.803549093358657 17
1759279803021 0.8001704741926754 18
1759279803031 0.7965011701864355 19
1759279803041 0.7937301397323608 20
1759279803050 0.7895004749298096 21
1759279803061 0.7865117823376375 22
1759279803072 0.7836303360321942 23
1759279803082 0.7792443773325752 24
1759279803092 0.7758508850546444 25
1759279803101 0.7726189388948328 26
1759279803111 0.7696378441417918 27
1759279803120 0.765219204566058 28
1759279803129 0.762465732939103 29
1759279803140 0.7587243739296409 30
1759279803150 0.7560745091999278 31
1759279803161 0.7533284180304584 32
1759279803171 0.7487140122581931 33
1759279803180 0.745692698394551 34
1759279803189 0.7436385750770569 35
1759279803199 0.7403949569253361 36
1759279803208 0.7363132904557621 37
1759279803217 0.7334337514989516 38
1759279803227 0.7294225973241469 39
1759279803236 0.7267483998747433 40
1759279803246 0.7244094855645123 41
1759279803255 0.7205924251500297 42
1759279803265 0.7184618290732888 43
1759279803275 0.7161526083946228 44
1759279803285 0.7123131226090824 45
1759279803294 0.7092636367853951 46
1759279803303 0.7042806709513945 47
1759279803312 0.7035480877932381 48
1759279803322 0.7021210719557369 49
