1759279803337 50.0 0
1759279803390 50.0 0
1759279803398 0.0 0
1759279803406 0.0 0
1759279803414 0.0 0
1759279803421 0.0 0
1759279803429 0.0 0
1759279803437 0.0 0
1759279803446 0.0 0
1759279803455 0.0 0
1759279803464 0.0 0
1759279803472 0.0 0
1759279803481 0.0 0
1759279803488 0.0 0
1759279803496 0.0 0
1759279803504 0.0 0
1759279803511 0.0 0
1759279803519 1.0 0
1759279803527 1.0 0
1759279803535 2.0 0
1759279803543 2.0 0
1759279803551 3.0 0
1759279803559 3.0 0
1759279803567 3.0 0
1759279803575 4.0 0
1759279803584 5.0 0
1759279803592 5.0 0
1759279803600 5.0 0
1759279803609 5.0 0
1759279803617 5.0 0
1759279803624 5.0 0
1759279803632 6.0 0
1759279803640 8.0 0
1759279803648 9.0 0
1759279803656 11.0 0
1759279803665 12.0 0
1759279803672 16.0 0
1759279803682 19.0 0
1759279803690 24.0 0
1759279803698 27.0 0
1759279803706 35.0 0
1759279803713 38.0 0
1759279803722 50.0 0
1759279803729 57.0 0
1759279803737 68.0 0
1759279803745 71.0 0
1759279803753 74.0 0
1759279803762 77.0 0
1759279803771 79.0 0
1759279803779 81.0 0
1759279803787 83.0 0
1759279803796 90.0 0
1759279803804 95.0 0
1759279803812 101.0 0
1759279803821 103.0 0
1759279803829 105.0 0
1759279803837 108.0 0
1759279803845 108.0 0
1759279803854 109.0 0
1759279803862 112.0 0
1759279803871 112.0 0
1759279803879 112.0 0
1759279803888 113.0 0
1759279803895 113.0 0
1759279803905 113.0 0
1759279803913 113.0 0
1759279803921 113.0 0
1759279803930 113.0 0
1759279803938 113.0 0
1759279803946 113.0 0
1759279803954 113.0 0
1759279803963 113.0 0
1759279803971 113.0 0
1759279803980 113.0 0
1759279803988 113.0 0
1759279803996 113.0 0
1759279804004 113.0 0
1759279804013 113.0 0
1759279804021 113.0 0
1759279804029 113.0 0
1759279804037 113.0 0
1759279804045 113.0 0
1759279804316 50.0 0
1759279804324 50.0 0
