1759279803337 40.0 0
1759279803390 40.0 0
1759279803398 66.0 0
1759279803406 66.0 0
1759279803414 66.0 0
1759279803421 66.0 0
1759279803429 66.0 0
1759279803437 66.0 0
1759279803446 66.0 0
1759279803455 65.0 0
1759279803464 65.0 0
1759279803472 65.0 0
1759279803481 65.0 0
1759279803488 65.0 0
1759279803496 65.0 0
1759279803504 65.0 0
1759279803511 65.0 0
1759279803519 65.0 0
1759279803527 65.0 0
1759279803535 65.0 0
1759279803543 65.0 0
1759279803551 65.0 0
1759279803559 65.0 0
1759279803567 65.0 0
1759279803575 65.0 0
1759279803584 65.0 0
1759279803592 64.0 0
1759279803600 63.0 0
1759279803609 60.0 0
1759279803617 59.0 0
1759279803624 59.0 0
1759279803632 59.0 0
1759279803640 59.0 0
1759279803648 59.0 0
1759279803656 57.0 0
1759279803665 54.0 0
1759279803672 54.0 0
1759279803682 53.0 0
1759279803690 51.0 0
1759279803698 48.0 0
1759279803706 48.0 0
1759279803713 42.0 0
1759279803722 40.0 0
1759279803729 36.0 0
1759279803737 35.0 0
1759279803745 30.0 0
1759279803753 29.0 0
1759279803762 27.0 0
1759279803771 26.0 0
1759279803779 25.0 0
1759279803787 23.0 0
1759279803796 19.0 0
1759279803804 18.0 0
1759279803812 16.0 0
1759279803821 11.0 0
1759279803829 10.0 0
1759279803837 10.0 0
1759279803845 8.0 0
1759279803854 6.0 0
1759279803862 4.0 0
1759279803871 3.0 0
1759279803879 3.0 0
1759279803888 1.0 0
1759279803895 1.0 0
1759279803905 1.0 0
1759279803913 0.0 0
1759279803921 0.0 0
1759279803930 0.0 0
1759279803938 0.0 0
1759279803946 0.0 0
1759279803954 0.0 0
1759279803963 0.0 0
1759279803971 0.0 0
1759279803980 0.0 0
1759279803988 0.0 0
1759279803996 0.0 0
1759279804004 0.0 0
1759279804013 0.0 0
1759279804021 0.0 0
1759279804029 0.0 0
1759279804037 0.0 0
1759279804045 0.0 0
1759279804316 40.0 0
1759279804324 40.0 0
