1759279803390 -2.6815642458100557 0
1759279803398 1.0614525139664805 0
1759279803406 1.0614525139664805 0
1759279803414 1.0614525139664805 0
1759279803421 1.0614525139664805 0
1759279803429 1.0614525139664805 0
1759279803437 1.0614525139664805 0
1759279803446 1.0614525139664805 0
1759279803455 0.8100558659217877 0
1759279803464 0.8100558659217877 0
1759279803472 0.8100558659217877 0
1759279803481 0.8100558659217877 0
1759279803488 0.8100558659217877 0
1759279803496 0.8100558659217877 0
1759279803504 0.8100558659217877 0
1759279803511 0.8100558659217877 0
1759279803519 0.8659217877094972 0
1759279803527 0.8659217877094972 0
1759279803535 0.9217877094972067 0
1759279803543 0.9217877094972067 0
1759279803551 0.9776536312849162 0
1759279803559 0.9776536312849162 0
1759279803567 0.9776536312849162 0
1759279803575 1.0335195530726258 0
1759279803584 1.089385474860335 0
1759279803592 0.8379888268156425 0
1759279803600 0.5865921787709497 0
1759279803609 -0.16759776536312848 0
1759279803617 -0.41899441340782123 0
1759279803624 -0.41899441340782123 0
1759279803632 -0.36312849162011174 0
1759279803640 -0.25139664804469275 0
1759279803648 -0.19553072625698323 0
1759279803656 -0.5865921787709497 0
1759279803665 -1.2849162011173185 0
1759279803672 -1.0614525139664805 0
1759279803682 -1.1452513966480447 0
1759279803690 -1.3687150837988826 0
1759279803698 -1.9553072625698324 0
1759279803706 -1.5083798882681565 0
1759279803713 -2.8491620111731844 0
1759279803722 -2.6815642458100557 0
1759279803729 -3.2960893854748603 0
1759279803737 -2.9329608938547485 0
1759279803745 -4.022346368715084 0
1759279803753 -4.106145251396648 0
1759279803762 -4.441340782122905 0
1759279803771 -4.581005586592179 0
1759279803779 -4.720670391061453 0
1759279803787 -5.111731843575419 0
1759279803796 -5.726256983240224 0
1759279803804 -5.698324022346369 0
1759279803812 -5.865921787709497 0
1759279803821 -7.011173184357542 0
1759279803829 -7.150837988826815 0
1759279803837 -6.983240223463687 0
1759279803845 -7.4860335195530725 0
1759279803854 -7.932960893854749 0
1759279803862 -8.268156424581006 0
1759279803871 -8.519553072625698 0
1759279803879 -8.519553072625698 0
1759279803888 -8.966480446927374 0
1759279803895 -8.966480446927374 0
1759279803905 -8.966480446927374 0
1759279803913 -9.217877094972067 0
1759279803921 -9.217877094972067 0
1759279803930 -9.217877094972067 0
1759279803938 -9.217877094972067 0
1759279803946 -9.217877094972067 0
1759279803954 -9.217877094972067 0
1759279803963 -9.217877094972067 0
1759279803971 -9.217877094972067 0
1759279803980 -9.217877094972067 0
1759279803988 -9.217877094972067 0
1759279803996 -9.217877094972067 0
1759279804004 -9.217877094972067 0
1759279804013 -9.217877094972067 0
1759279804021 -9.217877094972067 0
1759279804029 -9.217877094972067 0
1759279804037 -9.217877094972067 0
1759279804045 -9.217877094972067 0
1759279804324 -2.6815642458100557 0
