1759273496185 6.0 0
1759273496235 6.0 0
1759273496243 113.0 0
1759273496250 113.0 0
1759273496259 113.0 0
1759273496267 113.0 0
1759273496274 113.0 0
1759273496283 113.0 0
1759273496292 111.0 0
1759273496301 110.0 0
1759273496308 109.0 0
1759273496316 104.0 0
1759273496324 101.0 0
1759273496332 96.0 0
1759273496339 93.0 0
1759273496347 80.0 0
1759273496354 69.0 0
1759273496362 58.0 0
1759273496369 52.0 0
1759273496377 50.0 0
1759273496386 47.0 0
1759273496393 41.0 0
1759273496401 35.0 0
1759273496408 29.0 0
1759273496416 26.0 0
1759273496424 23.0 0
1759273496432 22.0 0
1759273496439 20.0 0
1759273496447 20.0 0
1759273496455 19.0 0
1759273496463 19.0 0
1759273496470 19.0 0
1759273496478 18.0 0
1759273496486 18.0 0
1759273496494 17.0 0
1759273496501 15.0 0
1759273496509 13.0 0
1759273496516 10.0 0
1759273496524 9.0 0
1759273496532 8.0 0
1759273496539 6.0 0
1759273496547 6.0 0
1759273496554 6.0 0
1759273496562 6.0 0
1759273496569 6.0 0
1759273496577 6.0 0
1759273496586 6.0 0
1759273496593 5.0 0
1759273496601 5.0 0
1759273496608 4.0 0
1759273496616 3.0 0
1759273496624 2.0 0
1759273496631 1.0 0
1759273496639 1.0 0
1759273496647 0.0 0
1759273496655 0.0 0
1759273496663 0.0 0
1759273496671 0.0 0
1759273496679 0.0 0
1759273496689 0.0 0
1759273496697 0.0 0
1759273496705 0.0 0
1759273496713 0.0 0
1759273496721 0.0 0
1759273496729 0.0 0
1759273496736 0.0 0
1759273496744 0.0 0
1759273496753 0.0 0
1759273496762 0.0 0
1759273496770 0.0 0
1759273496778 0.0 0
1759273496786 0.0 0
1759273496794 0.0 0
1759273496802 0.0 0
1759273496810 0.0 0
1759273496818 0.0 0
1759273496826 0.0 0
1759273496834 0.0 0
1759273496841 0.0 0
1759273496850 0.0 0
1759273496858 0.0 0
1759273496866 0.0 0
1759273497110 6.0 0
1759273497118 6.0 0
