1759273496185 33.0 0
1759273496235 33.0 0
1759273496243 0.0 0
1759273496250 0.0 0
1759273496259 0.0 0
1759273496267 0.0 0
1759273496274 0.0 0
1759273496283 0.0 0
1759273496292 0.0 0
1759273496301 0.0 0
1759273496308 0.0 0
1759273496316 0.0 0
1759273496324 1.0 0
1759273496332 1.0 0
1759273496339 5.0 0
1759273496347 7.0 0
1759273496354 9.0 0
1759273496362 10.0 0
1759273496369 12.0 0
1759273496377 15.0 0
1759273496386 16.0 0
1759273496393 17.0 0
1759273496401 17.0 0
1759273496408 17.0 0
1759273496416 18.0 0
1759273496424 20.0 0
1759273496432 23.0 0
1759273496439 23.0 0
1759273496447 23.0 0
1759273496455 23.0 0
1759273496463 23.0 0
1759273496470 23.0 0
1759273496478 23.0 0
1759273496486 24.0 0
1759273496494 25.0 0
1759273496501 26.0 0
1759273496509 26.0 0
1759273496516 31.0 0
1759273496524 31.0 0
1759273496532 31.0 0
1759273496539 33.0 0
1759273496547 33.0 0
1759273496554 33.0 0
1759273496562 33.0 0
1759273496569 33.0 0
1759273496577 33.0 0
1759273496586 33.0 0
1759273496593 34.0 0
1759273496601 34.0 0
1759273496608 36.0 0
1759273496616 38.0 0
1759273496624 42.0 0
1759273496631 48.0 0
1759273496639 50.0 0
1759273496647 54.0 0
1759273496655 57.0 0
1759273496663 59.0 0
1759273496671 61.0 0
1759273496679 63.0 0
1759273496689 64.0 0
1759273496697 65.0 0
1759273496705 65.0 0
1759273496713 65.0 0
1759273496721 65.0 0
1759273496729 65.0 0
1759273496736 65.0 0
1759273496744 65.0 0
1759273496753 65.0 0
1759273496762 65.0 0
1759273496770 66.0 0
1759273496778 66.0 0
1759273496786 66.0 0
1759273496794 66.0 0
1759273496802 66.0 0
1759273496810 66.0 0
1759273496818 66.0 0
1759273496826 66.0 0
1759273496834 66.0 0
1759273496841 66.0 0
1759273496850 66.0 0
1759273496858 66.0 0
1759273496866 66.0 0
1759273497110 33.0 0
1759273497118 33.0 0
