1759273496235 -225.0 0
1759273496243 190.0 0
1759273496250 190.0 0
1759273496259 190.0 0
1759273496267 190.0 0
1759273496274 190.0 0
1759273496283 190.0 0
1759273496292 210.0 0
1759273496301 220.0 0
1759273496308 230.0 0
1759273496316 280.0 0
1759273496324 265.0 0
1759273496332 315.0 0
1759273496339 165.0 0
1759273496347 205.0 0
1759273496354 225.0 0
1759273496362 290.0 0
1759273496369 260.0 0
1759273496377 145.0 0
1759273496386 130.0 0
1759273496393 145.0 0
1759273496401 205.0 0
1759273496408 265.0 0
1759273496416 250.0 0
1759273496424 190.0 0
1759273496432 65.0 0
1759273496439 85.0 0
1759273496447 85.0 0
1759273496455 95.0 0
1759273496463 95.0 0
1759273496470 95.0 0
1759273496478 105.0 0
1759273496486 60.0 0
1759273496494 25.0 0
1759273496501 0.0 0
1759273496509 20.0 0
1759273496516 -175.0 0
1759273496524 -165.0 0
1759273496532 -155.0 0
1759273496539 -225.0 0
1759273496547 -225.0 0
1759273496554 -225.0 0
1759273496562 -225.0 0
1759273496569 -225.0 0
1759273496577 -225.0 0
1759273496586 -225.0 0
1759273496593 -260.0 0
1759273496601 -260.0 0
1759273496608 -340.0 0
1759273496616 -420.0 0
1759273496624 -590.0 0
1759273496631 -850.0 0
1759273496639 -940.0 0
1759273496647 -1110.0 0
1759273496655 -1245.0 0
1759273496663 -1335.0 0
1759273496671 -1425.0 0
1759273496679 -1515.0 0
1759273496689 -1560.0 0
1759273496697 -1605.0 0
1759273496705 -1605.0 0
1759273496713 -1605.0 0
1759273496721 -1605.0 0
1759273496729 -1605.0 0
1759273496736 -1605.0 0
1759273496744 -1605.0 0
1759273496753 -1605.0 0
1759273496762 -1605.0 0
1759273496770 -1650.0 0
1759273496778 -1650.0 0
1759273496786 -1650.0 0
1759273496794 -1650.0 0
1759273496802 -1650.0 0
1759273496810 -1650.0 0
1759273496818 -1650.0 0
1759273496826 -1650.0 0
1759273496834 -1650.0 0
1759273496841 -1650.0 0
1759273496850 -1650.0 0
1759273496858 -1650.0 0
1759273496866 -1650.0 0
1759273497118 -225.0 0
