1759273496185 33.0 0
1759273496235 33.0 0
1759273496243 66.0 0
1759273496250 66.0 0
1759273496259 66.0 0
1759273496267 66.0 0
1759273496274 66.0 0
1759273496283 66.0 0
1759273496292 66.0 0
1759273496301 66.0 0
1759273496308 66.0 0
1759273496316 66.0 0
1759273496324 65.0 0
1759273496332 65.0 0
1759273496339 61.0 0
1759273496347 59.0 0
1759273496354 57.0 0
1759273496362 56.0 0
1759273496369 54.0 0
1759273496377 51.0 0
1759273496386 50.0 0
1759273496393 49.0 0
1759273496401 49.0 0
1759273496408 49.0 0
1759273496416 48.0 0
1759273496424 46.0 0
1759273496432 43.0 0
1759273496439 43.0 0
1759273496447 43.0 0
1759273496455 43.0 0
1759273496463 43.0 0
1759273496470 43.0 0
1759273496478 43.0 0
1759273496486 42.0 0
1759273496494 41.0 0
1759273496501 40.0 0
1759273496509 40.0 0
1759273496516 35.0 0
1759273496524 35.0 0
1759273496532 35.0 0
1759273496539 33.0 0
1759273496547 33.0 0
1759273496554 33.0 0
1759273496562 33.0 0
1759273496569 33.0 0
1759273496577 33.0 0
1759273496586 33.0 0
1759273496593 32.0 0
1759273496601 32.0 0
1759273496608 30.0 0
1759273496616 28.0 0
1759273496624 24.0 0
1759273496631 18.0 0
1759273496639 16.0 0
1759273496647 12.0 0
1759273496655 9.0 0
1759273496663 7.0 0
1759273496671 5.0 0
1759273496679 3.0 0
1759273496689 2.0 0
1759273496697 1.0 0
1759273496705 1.0 0
1759273496713 1.0 0
1759273496721 1.0 0
1759273496729 1.0 0
1759273496736 1.0 0
1759273496744 1.0 0
1759273496753 1.0 0
1759273496762 1.0 0
1759273496770 0.0 0
1759273496778 0.0 0
1759273496786 0.0 0
1759273496794 0.0 0
1759273496802 0.0 0
1759273496810 0.0 0
1759273496818 0.0 0
1759273496826 0.0 0
1759273496834 0.0 0
1759273496841 0.0 0
1759273496850 0.0 0
1759273496858 0.0 0
1759273496866 0.0 0
1759273497110 33.0 0
1759273497118 33.0 0
