1759273496185 107.0 0
1759273496235 107.0 0
1759273496243 0.0 0
1759273496250 0.0 0
1759273496259 0.0 0
1759273496267 0.0 0
1759273496274 0.0 0
1759273496283 0.0 0
1759273496292 2.0 0
1759273496301 3.0 0
1759273496308 4.0 0
1759273496316 9.0 0
1759273496324 12.0 0
1759273496332 17.0 0
1759273496339 20.0 0
1759273496347 33.0 0
1759273496354 44.0 0
1759273496362 55.0 0
1759273496369 61.0 0
1759273496377 63.0 0
1759273496386 66.0 0
1759273496393 72.0 0
1759273496401 78.0 0
1759273496408 84.0 0
1759273496416 87.0 0
1759273496424 90.0 0
1759273496432 91.0 0
1759273496439 93.0 0
1759273496447 93.0 0
1759273496455 94.0 0
1759273496463 94.0 0
1759273496470 94.0 0
1759273496478 95.0 0
1759273496486 95.0 0
1759273496494 96.0 0
1759273496501 98.0 0
1759273496509 100.0 0
1759273496516 103.0 0
1759273496524 104.0 0
1759273496532 105.0 0
1759273496539 107.0 0
1759273496547 107.0 0
1759273496554 107.0 0
1759273496562 107.0 0
1759273496569 107.0 0
1759273496577 107.0 0
1759273496586 107.0 0
1759273496593 108.0 0
1759273496601 108.0 0
1759273496608 109.0 0
1759273496616 110.0 0
1759273496624 111.0 0
1759273496631 112.0 0
1759273496639 112.0 0
1759273496647 113.0 0
1759273496655 113.0 0
1759273496663 113.0 0
1759273496671 113.0 0
1759273496679 113.0 0
1759273496689 113.0 0
1759273496697 113.0 0
1759273496705 113.0 0
1759273496713 113.0 0
1759273496721 113.0 0
1759273496729 113.0 0
1759273496736 113.0 0
1759273496744 113.0 0
1759273496753 113.0 0
1759273496762 113.0 0
1759273496770 113.0 0
1759273496778 113.0 0
1759273496786 113.0 0
1759273496794 113.0 0
1759273496802 113.0 0
1759273496810 113.0 0
1759273496818 113.0 0
1759273496826 113.0 0
1759273496834 113.0 0
1759273496841 113.0 0
1759273496850 113.0 0
1759273496858 113.0 0
1759273496866 113.0 0
1759273497110 107.0 0
1759273497118 107.0 0
