1759273496235 -1.2569832402234637 0
1759273496243 1.0614525139664805 0
1759273496250 1.0614525139664805 0
1759273496259 1.0614525139664805 0
1759273496267 1.0614525139664805 0
1759273496274 1.0614525139664805 0
1759273496283 1.0614525139664805 0
1759273496292 1.1731843575418994 0
1759273496301 1.229050279329609 0
1759273496308 1.2849162011173185 0
1759273496316 1.5642458100558658 0
1759273496324 1.4804469273743017 0
1759273496332 1.7597765363128492 0
1759273496339 0.9217877094972067 0
1759273496347 1.1452513966480447 0
1759273496354 1.2569832402234637 0
1759273496362 1.6201117318435754 0
1759273496369 1.452513966480447 0
1759273496377 0.8100558659217877 0
1759273496386 0.7262569832402235 0
1759273496393 0.8100558659217877 0
1759273496401 1.1452513966480447 0
1759273496408 1.4804469273743017 0
1759273496416 1.3966480446927374 0
1759273496424 1.0614525139664805 0
1759273496432 0.36312849162011174 0
1759273496439 0.4748603351955307 0
1759273496447 0.4748603351955307 0
1759273496455 0.5307262569832403 0
1759273496463 0.5307262569832403 0
1759273496470 0.5307262569832403 0
1759273496478 0.5865921787709497 0
1759273496486 0.33519553072625696 0
1759273496494 0.13966480446927373 0
1759273496501 0.0 0
1759273496509 0.11173184357541899 0
1759273496516 -0.9776536312849162 0
1759273496524 -0.9217877094972067 0
1759273496532 -0.8659217877094972 0
1759273496539 -1.2569832402234637 0
1759273496547 -1.2569832402234637 0
1759273496554 -1.2569832402234637 0
1759273496562 -1.2569832402234637 0
1759273496569 -1.2569832402234637 0
1759273496577 -1.2569832402234637 0
1759273496586 -1.2569832402234637 0
1759273496593 -1.452513966480447 0
1759273496601 -1.452513966480447 0
1759273496608 -1.899441340782123 0
1759273496616 -2.346368715083799 0
1759273496624 -3.2960893854748603 0
1759273496631 -4.748603351955308 0
1759273496639 -5.251396648044692 0
1759273496647 -6.201117318435754 0
1759273496655 -6.955307262569832 0
1759273496663 -7.4581005586592175 0
1759273496671 -7.960893854748603 0
1759273496679 -8.46368715083799 0
1759273496689 -8.71508379888268 0
1759273496697 -8.966480446927374 0
1759273496705 -8.966480446927374 0
1759273496713 -8.966480446927374 0
1759273496721 -8.966480446927374 0
1759273496729 -8.966480446927374 0
1759273496736 -8.966480446927374 0
1759273496744 -8.966480446927374 0
1759273496753 -8.966480446927374 0
1759273496762 -8.966480446927374 0
1759273496770 -9.217877094972067 0
1759273496778 -9.217877094972067 0
1759273496786 -9.217877094972067 0
1759273496794 -9.217877094972067 0
1759273496802 -9.217877094972067 0
1759273496810 -9.217877094972067 0
1759273496818 -9.217877094972067 0
1759273496826 -9.217877094972067 0
1759273496834 -9.217877094972067 0
1759273496841 -9.217877094972067 0
1759273496850 -9.217877094972067 0
1759273496858 -9.217877094972067 0
1759273496866 -9.217877094972067 0
1759273497118 -1.2569832402234637 0
