1759284512832 1.0 0
1759284512886 1.0 0
1759284512895 113.0 0
1759284512903 113.0 0
1759284512911 113.0 0
1759284512919 113.0 0
1759284512927 113.0 0
1759284512935 113.0 0
1759284512944 113.0 0
1759284512953 113.0 0
1759284512962 113.0 0
1759284512970 113.0 0
1759284512978 113.0 0
1759284512986 113.0 0
1759284512994 113.0 0
1759284513003 113.0 0
1759284513011 113.0 0
1759284513019 113.0 0
1759284513027 113.0 0
1759284513036 112.0 0
1759284513044 112.0 0
1759284513052 109.0 0
1759284513060 106.0 0
1759284513068 100.0 0
1759284513076 93.0 0
1759284513085 88.0 0
1759284513093 83.0 0
1759284513101 67.0 0
1759284513109 52.0 0
1759284513117 49.0 0
1759284513125 43.0 0
1759284513133 34.0 0
1759284513142 25.0 0
1759284513150 20.0 0
1759284513158 18.0 0
1759284513167 12.0 0
1759284513175 10.0 0
1759284513183 10.0 0
1759284513192 9.0 0
1759284513200 7.0 0
1759284513208 5.0 0
1759284513216 3.0 0
1759284513225 1.0 0
1759284513233 1.0 0
1759284513241 0.0 0
1759284513249 0.0 0
1759284513258 0.0 0
1759284513266 0.0 0
1759284513275 0.0 0
1759284513283 0.0 0
1759284513292 0.0 0
1759284513301 0.0 0
1759284513310 0.0 0
1759284513319 0.0 0
1759284513328 0.0 0
1759284513336 0.0 0
1759284513344 0.0 0
1759284513353 0.0 0
1759284513361 0.0 0
1759284513370 0.0 0
1759284513378 0.0 0
1759284513387 0.0 0
1759284513396 0.0 0
1759284513405 0.0 0
1759284513413 0.0 0
1759284513421 0.0 0
1759284513430 0.0 0
1759284513438 0.0 0
1759284513447 0.0 0
1759284513456 0.0 0
1759284513465 0.0 0
1759284513474 0.0 0
1759284513483 0.0 0
1759284513492 0.0 0
1759284513500 0.0 0
1759284513508 0.0 0
1759284513517 0.0 0
1759284513526 0.0 0
1759284513534 0.0 0
1759284513543 0.0 0
1759284513551 0.0 0
1759284513560 0.0 0
1759284513806 1.0 0
1759284513814 1.0 0
