1759284512832 59.0 0
1759284512886 59.0 0
1759284512895 0.0 0
1759284512903 0.0 0
1759284512911 0.0 0
1759284512919 0.0 0
1759284512927 0.0 0
1759284512935 0.0 0
1759284512944 0.0 0
1759284512953 0.0 0
1759284512962 0.0 0
1759284512970 0.0 0
1759284512978 0.0 0
1759284512986 0.0 0
1759284512994 0.0 0
1759284513003 0.0 0
1759284513011 0.0 0
1759284513019 0.0 0
1759284513027 0.0 0
1759284513036 1.0 0
1759284513044 1.0 0
1759284513052 4.0 0
1759284513060 4.0 0
1759284513068 5.0 0
1759284513076 5.0 0
1759284513085 6.0 0
1759284513093 7.0 0
1759284513101 12.0 0
1759284513109 19.0 0
1759284513117 22.0 0
1759284513125 22.0 0
1759284513133 27.0 0
1759284513142 29.0 0
1759284513150 32.0 0
1759284513158 36.0 0
1759284513167 43.0 0
1759284513175 46.0 0
1759284513183 50.0 0
1759284513192 50.0 0
1759284513200 54.0 0
1759284513208 57.0 0
1759284513216 58.0 0
1759284513225 59.0 0
1759284513233 61.0 0
1759284513241 61.0 0
1759284513249 62.0 0
1759284513258 62.0 0
1759284513266 62.0 0
1759284513275 62.0 0
1759284513283 62.0 0
1759284513292 63.0 0
1759284513301 64.0 0
1759284513310 64.0 0
1759284513319 64.0 0
1759284513328 64.0 0
1759284513336 65.0 0
1759284513344 65.0 0
1759284513353 65.0 0
1759284513361 65.0 0
1759284513370 65.0 0
1759284513378 65.0 0
1759284513387 65.0 0
1759284513396 65.0 0
1759284513405 65.0 0
1759284513413 65.0 0
1759284513421 65.0 0
1759284513430 65.0 0
1759284513438 65.0 0
1759284513447 65.0 0
1759284513456 65.0 0
1759284513465 65.0 0
1759284513474 65.0 0
1759284513483 65.0 0
1759284513492 65.0 0
1759284513500 65.0 0
1759284513508 65.0 0
1759284513517 65.0 0
1759284513526 66.0 0
1759284513534 66.0 0
1759284513543 66.0 0
1759284513551 66.0 0
1759284513560 66.0 0
1759284513806 59.0 0
1759284513814 59.0 0
