1759284512886 -1345.0 0
1759284512895 190.0 0
1759284512903 190.0 0
1759284512911 190.0 0
1759284512919 190.0 0
1759284512927 190.0 0
1759284512935 190.0 0
1759284512944 190.0 0
1759284512953 190.0 0
1759284512962 190.0 0
1759284512970 190.0 0
1759284512978 190.0 0
1759284512986 190.0 0
1759284512994 190.0 0
1759284513003 190.0 0
1759284513011 190.0 0
1759284513019 190.0 0
1759284513027 190.0 0
1759284513036 155.0 0
1759284513044 155.0 0
1759284513052 50.0 0
1759284513060 80.0 0
1759284513068 95.0 0
1759284513076 165.0 0
1759284513085 170.0 0
1759284513093 175.0 0
1759284513101 110.0 0
1759284513109 -55.0 0
1759284513117 -160.0 0
1759284513125 -100.0 0
1759284513133 -235.0 0
1759284513142 -235.0 0
1759284513150 -320.0 0
1759284513158 -480.0 0
1759284513167 -735.0 0
1759284513175 -850.0 0
1759284513183 -1030.0 0
1759284513192 -1020.0 0
1759284513200 -1180.0 0
1759284513208 -1295.0 0
1759284513216 -1320.0 0
1759284513225 -1345.0 0
1759284513233 -1435.0 0
1759284513241 -1425.0 0
1759284513249 -1470.0 0
1759284513258 -1470.0 0
1759284513266 -1470.0 0
1759284513275 -1470.0 0
1759284513283 -1470.0 0
1759284513292 -1515.0 0
1759284513301 -1560.0 0
1759284513310 -1560.0 0
1759284513319 -1560.0 0
1759284513328 -1560.0 0
1759284513336 -1605.0 0
1759284513344 -1605.0 0
1759284513353 -1605.0 0
1759284513361 -1605.0 0
1759284513370 -1605.0 0
1759284513378 -1605.0 0
1759284513387 -1605.0 0
1759284513396 -1605.0 0
1759284513405 -1605.0 0
1759284513413 -1605.0 0
1759284513421 -1605.0 0
1759284513430 -1605.0 0
1759284513438 -1605.0 0
1759284513447 -1605.0 0
1759284513456 -1605.0 0
1759284513465 -1605.0 0
1759284513474 -1605.0 0
1759284513483 -1605.0 0
1759284513492 -1605.0 0
1759284513500 -1605.0 0
1759284513508 -1605.0 0
1759284513517 -1605.0 0
1759284513526 -1650.0 0
1759284513534 -1650.0 0
1759284513543 -1650.0 0
1759284513551 -1650.0 0
1759284513560 -1650.0 0
1759284513814 -1345.0 0
