1759284512343 0.651016536880942 0
1759284512353 0.6478257915552925 1
1759284512363 0.6440848112106323 2
1759284512373 0.6414441220900592 3
1759284512382 0.6381315203273997 4
1759284512391 0.6358853823998395 5
1759284512400 0.6322596423766192 6
1759284512410 0.62920801078572 7
1759284512419 0.6273141012472265 8
1759284512428 0.6231697692590601 9
1759284512438 0.6199693048701567 10
1759284512448 0.6180291140780729 11
1759284512458 0.615911932552562 12
1759284512468 0.611744505517623 13
1759284512477 0.6093183019581963 14
1759284512486 0.6071361163083244 15
1759284512496 0.6042585863786585 16
1759284512505 0.6007267657448264 17
1759284512515 0.5980878822943744 18
1759284512524 0.5955985398853526 19
1759284512535 0.5927054215880001 20
1759284512545 0.5903702763950124 21
1759284512554 0.5881648098721224 22
1759284512565 0.5854978000416475 23
1759284512574 0.5819990284302655 24
1759284512583 0.5792246951776392 25
1759284512593 0.5776084310868207 26
1759284512603 0.5748959394062266 27
1759284512612 0.5715896943036247 28
1759284512621 0.5697152789901284 29
1759284512632 0.5667464417569777 30
1759284512642 0.5653311995898976 31
1759284512651 0.5625586439581478 32
1759284512661 0.5596672822447384 33
1759284512671 0.5576442059348611 34
1759284512681 0.5555674188277301 35
1759284512690 0.5526274758226731 36
1759284512699 0.5517101778703577 37
1759284512709 0.5476197425056907 38
1759284512718 0.5462391376495361 39
1759284512728 0.5432593577048358 40
1759284512738 0.54224873640958 41
1759284512747 0.5394500739434186 42
1759284512757 0.5373981524916256 43
1759284512768 0.5348139843519997 44
1759284512778 0.5333651514614329 45
1759284512787 0.5304033265394323 46
1759284512797 0.5281302087447223 47
1759284512807 0.5263272664126228 48
1759284512817 0.5239174225751091 49
