1759284512832 7.0 0
1759284512886 7.0 0
1759284512895 66.0 0
1759284512903 66.0 0
1759284512911 66.0 0
1759284512919 66.0 0
1759284512927 66.0 0
1759284512935 66.0 0
1759284512944 66.0 0
1759284512953 66.0 0
1759284512962 66.0 0
1759284512970 66.0 0
1759284512978 66.0 0
1759284512986 66.0 0
1759284512994 66.0 0
1759284513003 66.0 0
1759284513011 66.0 0
1759284513019 66.0 0
1759284513027 66.0 0
1759284513036 65.0 0
1759284513044 65.0 0
1759284513052 62.0 0
1759284513060 62.0 0
1759284513068 61.0 0
1759284513076 61.0 0
1759284513085 60.0 0
1759284513093 59.0 0
1759284513101 54.0 0
1759284513109 47.0 0
1759284513117 44.0 0
1759284513125 44.0 0
1759284513133 39.0 0
1759284513142 37.0 0
1759284513150 34.0 0
1759284513158 30.0 0
1759284513167 23.0 0
1759284513175 20.0 0
1759284513183 16.0 0
1759284513192 16.0 0
1759284513200 12.0 0
1759284513208 9.0 0
1759284513216 8.0 0
1759284513225 7.0 0
1759284513233 5.0 0
1759284513241 5.0 0
1759284513249 4.0 0
1759284513258 4.0 0
1759284513266 4.0 0
1759284513275 4.0 0
1759284513283 4.0 0
1759284513292 3.0 0
1759284513301 2.0 0
1759284513310 2.0 0
1759284513319 2.0 0
1759284513328 2.0 0
1759284513336 1.0 0
1759284513344 1.0 0
1759284513353 1.0 0
1759284513361 1.0 0
1759284513370 1.0 0
1759284513378 1.0 0
1759284513387 1.0 0
1759284513396 1.0 0
1759284513405 1.0 0
1759284513413 1.0 0
1759284513421 1.0 0
1759284513430 1.0 0
1759284513438 1.0 0
1759284513447 1.0 0
1759284513456 1.0 0
1759284513465 1.0 0
1759284513474 1.0 0
1759284513483 1.0 0
1759284513492 1.0 0
1759284513500 1.0 0
1759284513508 1.0 0
1759284513517 1.0 0
1759284513526 0.0 0
1759284513534 0.0 0
1759284513543 0.0 0
1759284513551 0.0 0
1759284513560 0.0 0
1759284513806 7.0 0
1759284513814 7.0 0
