1759284512832 112.0 0
1759284512886 112.0 0
1759284512895 0.0 0
1759284512903 0.0 0
1759284512911 0.0 0
1759284512919 0.0 0
1759284512927 0.0 0
1759284512935 0.0 0
1759284512944 0.0 0
1759284512953 0.0 0
1759284512962 0.0 0
1759284512970 0.0 0
1759284512978 0.0 0
1759284512986 0.0 0
1759284512994 0.0 0
1759284513003 0.0 0
1759284513011 0.0 0
1759284513019 0.0 0
1759284513027 0.0 0
1759284513036 1.0 0
1759284513044 1.0 0
1759284513052 4.0 0
1759284513060 7.0 0
1759284513068 13.0 0
1759284513076 20.0 0
1759284513085 25.0 0
1759284513093 30.0 0
1759284513101 46.0 0
1759284513109 61.0 0
1759284513117 64.0 0
1759284513125 70.0 0
1759284513133 79.0 0
1759284513142 88.0 0
1759284513150 93.0 0
1759284513158 95.0 0
1759284513167 101.0 0
1759284513175 103.0 0
1759284513183 103.0 0
1759284513192 104.0 0
1759284513200 106.0 0
1759284513208 108.0 0
1759284513216 110.0 0
1759284513225 112.0 0
1759284513233 112.0 0
1759284513241 113.0 0
1759284513249 113.0 0
1759284513258 113.0 0
1759284513266 113.0 0
1759284513275 113.0 0
1759284513283 113.0 0
1759284513292 113.0 0
1759284513301 113.0 0
1759284513310 113.0 0
1759284513319 113.0 0
1759284513328 113.0 0
1759284513336 113.0 0
1759284513344 113.0 0
1759284513353 113.0 0
1759284513361 113.0 0
1759284513370 113.0 0
1759284513378 113.0 0
1759284513387 113.0 0
1759284513396 113.0 0
1759284513405 113.0 0
1759284513413 113.0 0
1759284513421 113.0 0
1759284513430 113.0 0
1759284513438 113.0 0
1759284513447 113.0 0
1759284513456 113.0 0
1759284513465 113.0 0
1759284513474 113.0 0
1759284513483 113.0 0
1759284513492 113.0 0
1759284513500 113.0 0
1759284513508 113.0 0
1759284513517 113.0 0
1759284513526 113.0 0
1759284513534 113.0 0
1759284513543 113.0 0
1759284513551 113.0 0
1759284513560 113.0 0
1759284513806 112.0 0
1759284513814 112.0 0
