1759284512886 -7.5139664804469275 0
1759284512895 1.0614525139664805 0
1759284512903 1.0614525139664805 0
1759284512911 1.0614525139664805 0
1759284512919 1.0614525139664805 0
1759284512927 1.0614525139664805 0
1759284512935 1.0614525139664805 0
1759284512944 1.0614525139664805 0
1759284512953 1.0614525139664805 0
1759284512962 1.0614525139664805 0
1759284512970 1.0614525139664805 0
1759284512978 1.0614525139664805 0
1759284512986 1.0614525139664805 0
1759284512994 1.0614525139664805 0
1759284513003 1.0614525139664805 0
1759284513011 1.0614525139664805 0
1759284513019 1.0614525139664805 0
1759284513027 1.0614525139664805 0
1759284513036 0.8659217877094972 0
1759284513044 0.8659217877094972 0
1759284513052 0.27932960893854747 0
1759284513060 0.44692737430167595 0
1759284513068 0.5307262569832403 0
1759284513076 0.9217877094972067 0
1759284513085 0.9497206703910615 0
1759284513093 0.9776536312849162 0
1759284513101 0.6145251396648045 0
1759284513109 -0.30726256983240224 0
1759284513117 -0.8938547486033519 0
1759284513125 -0.5586592178770949 0
1759284513133 -1.312849162011173 0
1759284513142 -1.312849162011173 0
1759284513150 -1.7877094972067038 0
1759284513158 -2.6815642458100557 0
1759284513167 -4.106145251396648 0
1759284513175 -4.748603351955308 0
1759284513183 -5.754189944134078 0
1759284513192 -5.698324022346369 0
1759284513200 -6.592178770949721 0
1759284513208 -7.23463687150838 0
1759284513216 -7.374301675977653 0
1759284513225 -7.5139664804469275 0
1759284513233 -8.016759776536313 0
1759284513241 -7.960893854748603 0
1759284513249 -8.212290502793296 0
1759284513258 -8.212290502793296 0
1759284513266 -8.212290502793296 0
1759284513275 -8.212290502793296 0
1759284513283 -8.212290502793296 0
1759284513292 -8.46368715083799 0
1759284513301 -8.71508379888268 0
1759284513310 -8.71508379888268 0
1759284513319 -8.71508379888268 0
1759284513328 -8.71508379888268 0
1759284513336 -8.966480446927374 0
1759284513344 -8.966480446927374 0
1759284513353 -8.966480446927374 0
1759284513361 -8.966480446927374 0
1759284513370 -8.966480446927374 0
1759284513378 -8.966480446927374 0
1759284513387 -8.966480446927374 0
1759284513396 -8.966480446927374 0
1759284513405 -8.966480446927374 0
1759284513413 -8.966480446927374 0
1759284513421 -8.966480446927374 0
1759284513430 -8.966480446927374 0
1759284513438 -8.966480446927374 0
1759284513447 -8.966480446927374 0
1759284513456 -8.966480446927374 0
1759284513465 -8.966480446927374 0
1759284513474 -8.966480446927374 0
1759284513483 -8.966480446927374 0
1759284513492 -8.966480446927374 0
1759284513500 -8.966480446927374 0
1759284513508 -8.966480446927374 0
1759284513517 -8.966480446927374 0
1759284513526 -9.217877094972067 0
1759284513534 -9.217877094972067 0
1759284513543 -9.217877094972067 0
1759284513551 -9.217877094972067 0
1759284513560 -9.217877094972067 0
1759284513814 -7.5139664804469275 0
