1759270038078 41.0 0
1759270038130 41.0 0
1759270038138 0.0 0
1759270038146 0.0 0
1759270038154 0.0 0
1759270038163 0.0 0
1759270038171 0.0 0
1759270038180 0.0 0
1759270038190 4.0 0
1759270038198 5.0 0
1759270038206 6.0 0
1759270038214 6.0 0
1759270038221 6.0 0
1759270038229 6.0 0
1759270038236 7.0 0
1759270038244 9.0 0
1759270038252 9.0 0
1759270038261 12.0 0
1759270038269 14.0 0
1759270038276 16.0 0
1759270038285 17.0 0
1759270038293 19.0 0
1759270038301 20.0 0
1759270038310 20.0 0
1759270038317 20.0 0
1759270038325 21.0 0
1759270038333 21.0 0
1759270038341 21.0 0
1759270038349 22.0 0
1759270038356 24.0 0
1759270038364 26.0 0
1759270038372 30.0 0
1759270038380 31.0 0
1759270038388 31.0 0
1759270038397 31.0 0
1759270038405 31.0 0
1759270038413 31.0 0
1759270038421 33.0 0
1759270038429 33.0 0
1759270038437 33.0 0
1759270038445 35.0 0
1759270038453 40.0 0
1759270038461 41.0 0
1759270038469 43.0 0
1759270038477 46.0 0
1759270038485 46.0 0
1759270038493 50.0 0
1759270038502 57.0 0
1759270038510 57.0 0
1759270038517 58.0 0
1759270038525 61.0 0
1759270038533 62.0 0
1759270038541 63.0 0
1759270038549 64.0 0
1759270038558 64.0 0
1759270038566 64.0 0
1759270038574 65.0 0
1759270038583 65.0 0
1759270038591 65.0 0
1759270038599 65.0 0
1759270038608 65.0 0
1759270038616 65.0 0
1759270038624 65.0 0
1759270038632 65.0 0
1759270038640 65.0 0
1759270038648 66.0 0
1759270038656 66.0 0
1759270038664 66.0 0
1759270038672 66.0 0
1759270038681 66.0 0
1759270038690 66.0 0
1759270038699 66.0 0
1759270038707 66.0 0
1759270038715 66.0 0
1759270038723 66.0 0
1759270038731 66.0 0
1759270038739 66.0 0
1759270038748 66.0 0
1759270038757 66.0 0
1759270038765 66.0 0
1759270038773 66.0 0
1759270038782 66.0 0
