1759270038078 0.0 0
1759270038130 0.0 0
1759270038138 113.0 0
1759270038146 113.0 0
1759270038154 113.0 0
1759270038163 113.0 0
1759270038171 113.0 0
1759270038180 113.0 0
1759270038190 95.0 0
1759270038198 79.0 0
1759270038206 78.0 0
1759270038214 75.0 0
1759270038221 72.0 0
1759270038229 67.0 0
1759270038236 66.0 0
1759270038244 62.0 0
1759270038252 59.0 0
1759270038261 55.0 0
1759270038269 41.0 0
1759270038276 34.0 0
1759270038285 31.0 0
1759270038293 27.0 0
1759270038301 24.0 0
1759270038310 24.0 0
1759270038317 23.0 0
1759270038325 23.0 0
1759270038333 22.0 0
1759270038341 22.0 0
1759270038349 20.0 0
1759270038356 20.0 0
1759270038364 17.0 0
1759270038372 12.0 0
1759270038380 11.0 0
1759270038388 10.0 0
1759270038397 9.0 0
1759270038405 9.0 0
1759270038413 9.0 0
1759270038421 6.0 0
1759270038429 5.0 0
1759270038437 5.0 0
1759270038445 3.0 0
1759270038453 0.0 0
1759270038461 0.0 0
1759270038469 0.0 0
1759270038477 0.0 0
1759270038485 0.0 0
1759270038493 0.0 0
1759270038502 0.0 0
1759270038510 0.0 0
1759270038517 0.0 0
1759270038525 0.0 0
1759270038533 0.0 0
1759270038541 0.0 0
1759270038549 0.0 0
1759270038558 0.0 0
1759270038566 0.0 0
1759270038574 0.0 0
1759270038583 0.0 0
1759270038591 0.0 0
1759270038599 0.0 0
1759270038608 0.0 0
1759270038616 0.0 0
1759270038624 0.0 0
1759270038632 0.0 0
1759270038640 0.0 0
1759270038648 0.0 0
1759270038656 0.0 0
1759270038664 0.0 0
1759270038672 0.0 0
1759270038681 0.0 0
1759270038690 0.0 0
1759270038699 0.0 0
1759270038707 0.0 0
1759270038715 0.0 0
1759270038723 0.0 0
1759270038731 0.0 0
1759270038739 0.0 0
1759270038748 0.0 0
1759270038757 0.0 0
1759270038765 0.0 0
1759270038773 0.0 0
1759270038782 0.0 0
