1759270038130 -525.0 0
1759270038138 190.0 0
1759270038146 190.0 0
1759270038154 190.0 0
1759270038163 190.0 0
1759270038171 190.0 0
1759270038180 190.0 0
1759270038190 190.0 0
1759270038198 305.0 0
1759270038206 270.0 0
1759270038214 300.0 0
1759270038221 330.0 0
1759270038229 380.0 0
1759270038236 345.0 0
1759270038244 295.0 0
1759270038252 325.0 0
1759270038261 230.0 0
1759270038269 280.0 0
1759270038276 260.0 0
1759270038285 245.0 0
1759270038293 195.0 0
1759270038301 180.0 0
1759270038310 180.0 0
1759270038317 190.0 0
1759270038325 145.0 0
1759270038333 155.0 0
1759270038341 155.0 0
1759270038349 130.0 0
1759270038356 40.0 0
1759270038364 -20.0 0
1759270038372 -150.0 0
1759270038380 -185.0 0
1759270038388 -175.0 0
1759270038397 -165.0 0
1759270038405 -165.0 0
1759270038413 -165.0 0
1759270038421 -225.0 0
1759270038429 -215.0 0
1759270038437 -215.0 0
1759270038445 -285.0 0
1759270038453 -480.0 0
1759270038461 -525.0 0
1759270038469 -615.0 0
1759270038477 -750.0 0
1759270038485 -750.0 0
1759270038493 -930.0 0
1759270038502 -1245.0 0
1759270038510 -1245.0 0
1759270038517 -1290.0 0
1759270038525 -1425.0 0
1759270038533 -1470.0 0
1759270038541 -1515.0 0
1759270038549 -1560.0 0
1759270038558 -1560.0 0
1759270038566 -1560.0 0
1759270038574 -1605.0 0
1759270038583 -1605.0 0
1759270038591 -1605.0 0
1759270038599 -1605.0 0
1759270038608 -1605.0 0
1759270038616 -1605.0 0
1759270038624 -1605.0 0
1759270038632 -1605.0 0
1759270038640 -1605.0 0
1759270038648 -1650.0 0
1759270038656 -1650.0 0
1759270038664 -1650.0 0
1759270038672 -1650.0 0
1759270038681 -1650.0 0
1759270038690 -1650.0 0
1759270038699 -1650.0 0
1759270038707 -1650.0 0
1759270038715 -1650.0 0
1759270038723 -1650.0 0
1759270038731 -1650.0 0
1759270038739 -1650.0 0
1759270038748 -1650.0 0
1759270038757 -1650.0 0
1759270038765 -1650.0 0
1759270038773 -1650.0 0
1759270038782 -1650.0 0
