1759270038078 113.0 0
1759270038130 113.0 0
1759270038138 0.0 0
1759270038146 0.0 0
1759270038154 0.0 0
1759270038163 0.0 0
1759270038171 0.0 0
1759270038180 0.0 0
1759270038190 18.0 0
1759270038198 34.0 0
1759270038206 35.0 0
1759270038214 38.0 0
1759270038221 41.0 0
1759270038229 46.0 0
1759270038236 47.0 0
1759270038244 51.0 0
1759270038252 54.0 0
1759270038261 58.0 0
1759270038269 72.0 0
1759270038276 79.0 0
1759270038285 82.0 0
1759270038293 86.0 0
1759270038301 89.0 0
1759270038310 89.0 0
1759270038317 90.0 0
1759270038325 90.0 0
1759270038333 91.0 0
1759270038341 91.0 0
1759270038349 93.0 0
1759270038356 93.0 0
1759270038364 96.0 0
1759270038372 101.0 0
1759270038380 102.0 0
1759270038388 103.0 0
1759270038397 104.0 0
1759270038405 104.0 0
1759270038413 104.0 0
1759270038421 107.0 0
1759270038429 108.0 0
1759270038437 108.0 0
1759270038445 110.0 0
1759270038453 113.0 0
1759270038461 113.0 0
1759270038469 113.0 0
1759270038477 113.0 0
1759270038485 113.0 0
1759270038493 113.0 0
1759270038502 113.0 0
1759270038510 113.0 0
1759270038517 113.0 0
1759270038525 113.0 0
1759270038533 113.0 0
1759270038541 113.0 0
1759270038549 113.0 0
1759270038558 113.0 0
1759270038566 113.0 0
1759270038574 113.0 0
1759270038583 113.0 0
1759270038591 113.0 0
1759270038599 113.0 0
1759270038608 113.0 0
1759270038616 113.0 0
1759270038624 113.0 0
1759270038632 113.0 0
1759270038640 113.0 0
1759270038648 113.0 0
1759270038656 113.0 0
1759270038664 113.0 0
1759270038672 113.0 0
1759270038681 113.0 0
1759270038690 113.0 0
1759270038699 113.0 0
1759270038707 113.0 0
1759270038715 113.0 0
1759270038723 113.0 0
1759270038731 113.0 0
1759270038739 113.0 0
1759270038748 113.0 0
1759270038757 113.0 0
1759270038765 113.0 0
1759270038773 113.0 0
1759270038782 113.0 0
