1759270038078 25.0 0
1759270038130 25.0 0
1759270038138 66.0 0
1759270038146 66.0 0
1759270038154 66.0 0
1759270038163 66.0 0
1759270038171 66.0 0
1759270038180 66.0 0
1759270038190 62.0 0
1759270038198 61.0 0
1759270038206 60.0 0
1759270038214 60.0 0
1759270038221 60.0 0
1759270038229 60.0 0
1759270038236 59.0 0
1759270038244 57.0 0
1759270038252 57.0 0
1759270038261 54.0 0
1759270038269 52.0 0
1759270038276 50.0 0
1759270038285 49.0 0
1759270038293 47.0 0
1759270038301 46.0 0
1759270038310 46.0 0
1759270038317 46.0 0
1759270038325 45.0 0
1759270038333 45.0 0
1759270038341 45.0 0
1759270038349 44.0 0
1759270038356 42.0 0
1759270038364 40.0 0
1759270038372 36.0 0
1759270038380 35.0 0
1759270038388 35.0 0
1759270038397 35.0 0
1759270038405 35.0 0
1759270038413 35.0 0
1759270038421 33.0 0
1759270038429 33.0 0
1759270038437 33.0 0
1759270038445 31.0 0
1759270038453 26.0 0
1759270038461 25.0 0
1759270038469 23.0 0
1759270038477 20.0 0
1759270038485 20.0 0
1759270038493 16.0 0
1759270038502 9.0 0
1759270038510 9.0 0
1759270038517 8.0 0
1759270038525 5.0 0
1759270038533 4.0 0
1759270038541 3.0 0
1759270038549 2.0 0
1759270038558 2.0 0
1759270038566 2.0 0
1759270038574 1.0 0
1759270038583 1.0 0
1759270038591 1.0 0
1759270038599 1.0 0
1759270038608 1.0 0
1759270038616 1.0 0
1759270038624 1.0 0
1759270038632 1.0 0
1759270038640 1.0 0
1759270038648 0.0 0
1759270038656 0.0 0
1759270038664 0.0 0
1759270038672 0.0 0
1759270038681 0.0 0
1759270038690 0.0 0
1759270038699 0.0 0
1759270038707 0.0 0
1759270038715 0.0 0
1759270038723 0.0 0
1759270038731 0.0 0
1759270038739 0.0 0
1759270038748 0.0 0
1759270038757 0.0 0
1759270038765 0.0 0
1759270038773 0.0 0
1759270038782 0.0 0
