1759270038130 -2.9329608938547485 0
1759270038138 1.0614525139664805 0
1759270038146 1.0614525139664805 0
1759270038154 1.0614525139664805 0
1759270038163 1.0614525139664805 0
1759270038171 1.0614525139664805 0
1759270038180 1.0614525139664805 0
1759270038190 1.0614525139664805 0
1759270038198 1.7039106145251397 0
1759270038206 1.5083798882681565 0
1759270038214 1.675977653631285 0
1759270038221 1.8435754189944134 0
1759270038229 2.122905027932961 0
1759270038236 1.9273743016759777 0
1759270038244 1.6480446927374302 0
1759270038252 1.8156424581005586 0
1759270038261 1.2849162011173185 0
1759270038269 1.5642458100558658 0
1759270038276 1.452513966480447 0
1759270038285 1.3687150837988826 0
1759270038293 1.089385474860335 0
1759270038301 1.005586592178771 0
1759270038310 1.005586592178771 0
1759270038317 1.0614525139664805 0
1759270038325 0.8100558659217877 0
1759270038333 0.8659217877094972 0
1759270038341 0.8659217877094972 0
1759270038349 0.7262569832402235 0
1759270038356 0.22346368715083798 0
1759270038364 -0.11173184357541899 0
1759270038372 -0.8379888268156425 0
1759270038380 -1.0335195530726258 0
1759270038388 -0.9776536312849162 0
1759270038397 -0.9217877094972067 0
1759270038405 -0.9217877094972067 0
1759270038413 -0.9217877094972067 0
1759270038421 -1.2569832402234637 0
1759270038429 -1.2011173184357542 0
1759270038437 -1.2011173184357542 0
1759270038445 -1.5921787709497206 0
1759270038453 -2.6815642458100557 0
1759270038461 -2.9329608938547485 0
1759270038469 -3.435754189944134 0
1759270038477 -4.189944134078212 0
1759270038485 -4.189944134078212 0
1759270038493 -5.195530726256983 0
1759270038502 -6.955307262569832 0
1759270038510 -6.955307262569832 0
1759270038517 -7.206703910614525 0
1759270038525 -7.960893854748603 0
1759270038533 -8.212290502793296 0
1759270038541 -8.46368715083799 0
1759270038549 -8.71508379888268 0
1759270038558 -8.71508379888268 0
1759270038566 -8.71508379888268 0
1759270038574 -8.966480446927374 0
1759270038583 -8.966480446927374 0
1759270038591 -8.966480446927374 0
1759270038599 -8.966480446927374 0
1759270038608 -8.966480446927374 0
1759270038616 -8.966480446927374 0
1759270038624 -8.966480446927374 0
1759270038632 -8.966480446927374 0
1759270038640 -8.966480446927374 0
1759270038648 -9.217877094972067 0
1759270038656 -9.217877094972067 0
1759270038664 -9.217877094972067 0
1759270038672 -9.217877094972067 0
1759270038681 -9.217877094972067 0
1759270038690 -9.217877094972067 0
1759270038699 -9.217877094972067 0
1759270038707 -9.217877094972067 0
1759270038715 -9.217877094972067 0
1759270038723 -9.217877094972067 0
1759270038731 -9.217877094972067 0
1759270038739 -9.217877094972067 0
1759270038748 -9.217877094972067 0
1759270038757 -9.217877094972067 0
1759270038765 -9.217877094972067 0
1759270038773 -9.217877094972067 0
1759270038782 -9.217877094972067 0
